   0.0000000000000000        1.0199824888359712        0.0000000000000000        0.0000000000000000        1.0000000000000000        1.0199824888359712     
   9.9999997500000001E-005   1.0088304652835021        1.8873739186199594E-002   2.1968763250558510E-005   1.0110375131687006        1.0199654448290552     
   2.0049999900000000E-004  0.99883488081927130        3.7537594679920176E-002  -3.4186188658346634E-007   1.0211569243624943        1.0199671548433855     
   3.0150957199999998E-004  0.98897982844874011        5.6288456768740606E-002   2.8558400622129343E-005   1.0313342271273818        1.0199687470177521     
   4.0303840100000001E-004  0.98014693260918284        7.4865986226936548E-002   1.3081806098668043E-005   1.0406321740908306        1.0199724334095528     
   5.0509627899999999E-004  0.97141511696063321        9.3523342093634262E-002   4.8681258272017878E-005   1.0499858536911522        1.0199721308704008     
   6.0769315999999998E-004  0.96361486737711810       0.11204114835651985        3.9618095596277794E-005   1.0584908740802819        1.0199775432467606     
   7.1083911499999998E-004  0.95588680127926240       0.13062707592567160        8.1853564791615566E-005   1.0670463871918803        1.0199755578694398     
   8.1454432800000004E-004  0.94901601684849801       0.14910482643597139        7.8937841329248937E-005   1.0747789116545863        1.0199824017311991     
   9.1881916199999998E-004  0.94219783904204524       0.16763457215252120        1.2776431543812917E-004   1.0825527639468766        1.0199788748397405     
   1.0236740299999999E-003  0.93617445976325675       0.18608553160925020        1.3089867299704154E-004   1.0895265603520687        1.0199869390353173     
   1.1291195400000001E-003  0.93019150665026396       0.20456816160363259        1.8633883389014452E-004   1.0965290132596930        1.0199819749297612     
   1.2351664499999999E-003  0.92494942067883934       0.22299956929051318        1.9556286219801538E-004   1.1027533867779349        1.0199911062518789     
   1.3418257000000001E-003  0.91974165172463085       0.24143852006819347        2.5766669876563247E-004   1.1089905349174283        1.0199847863319373     
   1.4491083600000000E-003  0.91522706584931501       0.25985192548320168        2.7311515372336009E-004   1.1144719554679514        1.0199948977742817     
   1.5570255900000001E-003  0.91074580454288434       0.27824518204262322        3.4194778982196033E-004   1.1199473172412935        1.0199873204865668     
   1.6655887000000000E-003  0.90691464447382530       0.29663642012016461        3.6380204706069837E-004   1.1246905789682793        1.0199983565680777     
   1.7748092100000001E-003  0.90312012521774487       0.31497658859921518        4.3944024942686304E-004   1.1294064429288564        1.0199896881596366     
   1.8846988700000000E-003  0.89993609143285236       0.33333574060131627        4.6788464355029477E-004   1.1334156218113727        1.0200016246618626     
   1.9952694400000000E-003  0.89679554148280161       0.35161011588814900        5.5040821887261345E-004   1.1373741658174903        1.0199920809028460     
   2.1065329200000002E-003  0.89422858627890789       0.36992125136901843        5.8561202342505281E-004   1.1406534574196674        1.0200049286625377     
   2.2185016399999999E-003  0.89171469779257551       0.38811169986393396        6.7509090597375873E-004   1.1438577038965447        1.0199947267478167     
   2.3311879499999999E-003  0.88973971361721971       0.40635266825550781        7.1719200305732996E-004   1.1464122453807537        1.0200085028923456     
   2.4446041800000001E-003  0.88782947806928247       0.42443537837307210        8.1368728622822765E-004   1.1488668182535475        1.0199978276211643     
   2.5587631399999998E-003  0.88642532922967854       0.44257730041575788        8.6272938019979018E-004   1.1507034479991103        1.0200126827383376     
   2.6736778700000002E-003  0.88509981258898673       0.46052203738993203        9.6667853483961390E-004   1.1524146448592367        1.0200019861897140     
   2.7893613999999999E-003  0.88424439579015934       0.47853241262766000        1.0234546161164892E-003   1.1535476678491423        1.0200180605724123     
   2.9058270200000001E-003  0.88347982209470288       0.49630790879036091        1.1352740391661264E-003   1.1545331206903828        1.0200067160699815     
   3.0230882100000002E-003  0.88314896945883448       0.51415099692632438        1.1989106903550618E-003   1.1549843175986751        1.0200232098283852     
   3.1411587299999999E-003  0.88293147961457452       0.53171364298840929        1.3169026752785466E-003   1.1552557185842225        1.0200116409427660     
   3.2600522999999999E-003  0.88311740456498578       0.54933356866892635        1.3875222532865226E-003   1.1550326350313278        1.0200294228367226     
   3.3797831299999998E-003  0.88342920039456563       0.56663623125005280        1.5126836030752158E-003   1.1546121085236780        1.0200180517989563     
   3.5003656500000001E-003  0.88411197722840262       0.58398000981575082        1.5901961436253459E-003   1.1537411390253192        1.0200363596334243     
   3.6218143100000002E-003  0.88493353683311227       0.60097030589586387        1.7217086555673278E-003   1.1526577964096858        1.0200255405350847     
   3.7441439900000001E-003  0.88609734444999178       0.61797293249353225        1.8060616365560937E-003   1.1511652229578972        1.0200444470861754     
   3.8673696100000000E-003  0.88740467367632581       0.63459460082503860        1.9437159077018149E-003   1.1494582643482649        1.0200346359785279     
   3.9915065300000002E-003  0.88902908991368867       0.65118747589719239        2.0344264168904304E-003   1.1473796532897524        1.0200538889496722     
   4.1165701100000004E-003  0.89079554088014934       0.66737742320218607        2.1778268121018106E-003   1.1450950103285420        1.0200455290847739     
   4.2425761899999997E-003  0.89285551965692522       0.68348840038457559        2.2742861980948009E-003   1.1424749638718339        1.0200650775628131     
   4.3695406100000000E-003  0.89505040124673318       0.69917771529406425        2.4228227174478557E-003   1.1396658240956921        1.0200583531440379     
   4.4974796500000004E-003  0.89751551159319010       0.71473192760192750        2.5243086446377775E-003   1.1365580497614824        1.0200784794870352     
   4.6264100799999998E-003  0.90010305662604606       0.72984726581180592        2.6771260212002210E-003   1.1332849658040569        1.0200732617485757     
   4.7563486699999996E-003  0.90293669787712516       0.74476846940433883        2.7828734915669225E-003   1.1297518490570670        1.0200944040081645     
   4.8873121899999997E-003  0.90587499734238819       0.75923381647372890        2.9389176483245270E-003   1.1260826417358405        1.0200901100897639     
   5.0193178499999998E-003  0.90903400849668470       0.77344586303518925        3.0479503843379449E-003   1.1221943696686609        1.0201128461723132     
   5.1523833500000003E-003  0.91227484362853029       0.78718475218846984        3.2059584286678162E-003   1.1182035149101059        1.0201089367094898     
   5.2865268699999997E-003  0.91570921930283555       0.80061397738830498        3.3172606230538041E-003   1.1140368255149367        1.0201337917668918     
   5.4217665500000001E-003  0.91919772608079975       0.81355236816923504        3.4757663839224641E-003   1.1098043236654980        1.0201296107079656     
   5.5581205500000001E-003  0.92285097221471846       0.82612987988399444        3.5881141611260950E-003   1.1054408619248766        1.0201571741532487     
   5.6956079799999997E-003  0.92652613592304589       0.83819901728620083        3.7456141514971377E-003   1.1010505263397903        1.0201520896256417     
   5.8342479199999997E-003  0.93033601948536726       0.84986343772876072        3.8576165649880979E-003   1.0965749255086921        1.0201831512652197     
   5.9740599200000001E-003  0.93413171882567381       0.86100332349874464        4.0126413191940366E-003   1.0921122255539382        1.0201766704072321     
   6.1150635599999999E-003  0.93803113774618829       0.87170353245780585        4.1228102628424199E-003   1.0876097630263635        1.0202118234354820     
   6.2572788399999999E-003  0.94187766386612393       0.88186613869375230        4.2738765939460566E-003   1.0831593954234147        1.0202036409560489     
   6.4007262699999996E-003  0.94579649671423860       0.89156450031050760        4.3806804948411252E-003   1.0787131604377853        1.0202431281016018     
   6.5454267900000003E-003  0.94962291894302009       0.90071720776675568        4.5263502729549262E-003   1.0743560612098708        1.0202331388302435     
   6.6914013599999999E-003  0.95349078764089434       0.90939266618840764        4.6282468518573892E-003   1.0700437774825562        1.0202768842020804     
   6.8386718600000002E-003  0.95722783297794534       0.91752094429559772        4.7671658061195091E-003   1.0658540190043659        1.0202651328823831     
   6.9872601899999996E-003  0.96097737539672434       0.92517131227617500        4.8627089943474909E-003   1.0617449809411514        1.0203129051254729     
   7.1371886899999999E-003  0.96456049557161050       0.93228049278582759        4.9937072161635966E-003   1.0577869773247373        1.0202995310575445     
   7.2884797100000003E-003  0.96813046934601976       0.93892358245289953        5.0816162348720191E-003   1.0539395212560771        1.0203509633759653     
   7.4411565400000004E-003  0.97150288092659010       0.94503950780342083        5.2038134210572202E-003   1.0502658119630546        1.0203362620608118     
   7.5952424700000002E-003  0.97484094165339019       0.95071303111080407        5.2830250228079918E-003   1.0467253879666774        1.0203907628579458     
   7.7507616999999999E-003  0.97795639790410016       0.95588187825361970        5.3958607786978594E-003   1.0433749204331844        1.0203751788503141     
   7.9077379799999993E-003  0.98102142077317878       0.96064196421369508        5.4656421050016347E-003   1.0401727691804894        1.0204317678710155     
   8.0661959900000003E-003  0.98384659187424450       0.96492917786991605        5.5687969944633858E-003   1.0371698856284191        1.0204160571701200     
   8.2261608900000005E-003  0.98661055043580403       0.96884811374776902        5.6284971116036479E-003   1.0343233240430925        1.0204743040627460     
   8.3876587500000006E-003  0.98911963888343746       0.97233166255598513        5.7219690097985478E-003   1.0316843959650361        1.0204592971786139     
   8.5507156300000005E-003  0.99156822996635252       0.97549448060367827        5.7713652591074556E-003   1.0291966565290951        1.0205187070018429     
   8.7153585600000007E-003  0.99375581501108823       0.97826845209999413        5.8554815341277152E-003   1.0269177836872396        1.0205055190774932     
   8.8816145400000008E-003  0.99588808922390037       0.98076844486930392        5.8947309111473624E-003   1.0247796687427118        1.0205658661796808     
   9.0495105799999996E-003  0.99775991776958595       0.98293072466951759        5.9701444987415716E-003   1.0228469820243333        1.0205557206754681     
   9.2190746200000000E-003  0.99958549071067726       0.98486472474135622        5.9996289777197931E-003   1.0210399110587611        1.0206166805308581     
   9.3903355300000001E-003   1.0011568211576065       0.98651271682428532        6.0671650498613063E-003   1.0194311800391351        1.0206104795969282     
   9.5633221800000001E-003   1.0026943621755637       0.98797672443494711        6.0877124800835887E-003   1.0179294723085668        1.0206721429761465     
   9.7380643700000005E-003   1.0039871987479256       0.98920343634098451        6.1481754052555701E-003   1.0166157591793030        1.0206692082614242     
   9.9145919099999993E-003   1.0052620544680493       0.99028776972630606        6.1613795413813979E-003   1.0153886547716349        1.0207316851792825     
   1.0092935500000001E-002   1.0063034252704990       0.99117814915484725        6.2158099845665881E-003   1.0143367869986297        1.0207305831345936     
   1.0273126900000000E-002   1.0073441006184580       0.99196491260903674        6.2231412656366765E-003   1.0133505328346053        1.0207926811095107     
   1.0455197700000000E-002   1.0081651906597473       0.99259374385905619        6.2724190388087362E-003   1.0125265192894033        1.0207939913674515     
   1.0639180400000000E-002   1.0090019128964258       0.99315422706400458        6.2747767889140211E-003   1.0117466151934120        1.0208542700966368     
   1.0825108700000001E-002   1.0096347306415989       0.99358439281440791        6.3198252333324960E-003   1.0111169931453057        1.0208588330214041     
   1.1013016100000000E-002   1.0102968566083370       0.99397769360655797        6.3180661871247963E-003   1.0105107751510332        1.0209158597039429     
   1.1202937000000000E-002   1.0107737532331997       0.99426028917615306        6.3594268517065790E-003   1.0100421975306313        1.0209241429219451     
   1.1394905900000000E-002   1.0112876904169599       0.99453228844584662        6.3544581017744486E-003   1.0095809912700902        1.0209768289503944     
   1.1588958999999999E-002   1.0116426243910872       0.99470916220872252        6.3923867168924689E-003   1.0092373250396265        1.0209874961365284     
   1.1785132800000001E-002   1.0120332109906687       0.99489290709256339        6.3857291751035859E-003   1.0088944511018549        1.0210346908992785     
   1.1983464500000001E-002   1.0122982109866761       0.99499865847699775        6.4195273387103093E-003   1.0086406619989636        1.0210451376699674     
   1.2183991300000000E-002   1.0125964141867494       0.99512088817700362        6.4125253006905936E-003   1.0083861473448523        1.0210881969169885     
   1.2386751400000000E-002   1.0127951736981307       0.99518349202135736        6.4417576518871972E-003   1.0081974430053045        1.0210975044105686     
   1.2591784800000000E-002   1.0130251123551901       0.99526793724733054        6.4345361291958409E-003   1.0080063494157534        1.0211357453716385     
   1.2799130800000001E-002   1.0131708813751086       0.99530454981353422        6.4595511278668031E-003   1.0078660368360295        1.0211405208491977     
   1.3008830100000000E-002   1.0133443333055658       0.99536399078269999        6.4510966329915809E-003   1.0077259879282090        1.0211734193918036     
   1.3220924900000000E-002   1.0134529092033318       0.99538622209548722        6.4739702105756358E-003   1.0076217455435876        1.0211771893976882     
   1.3435456900000000E-002   1.0135817186347567       0.99543063378933083        6.4661314517136309E-003   1.0075173965906103        1.0212012143907265     
   1.3652470000000000E-002   1.0136660787319258       0.99545121642045931        6.4835694443707856E-003   1.0074345343976316        1.0212022140619708     
   1.3872007800000001E-002   1.0137573527613697       0.99548440264211224        6.4814629034991222E-003   1.0073597109701031        1.0212183138715103     
   1.4094115200000000E-002   1.0138250276624843       0.99550062090831060        6.4950914119538692E-003   1.0072879685684533        1.0212137525979996     
   1.4318837799999999E-002   1.0138824562599322       0.99552306206581043        6.4939876780891704E-003   1.0072405246261036        1.0212234971524567     
   1.4546223000000000E-002   1.0139300748048325       0.99553629603686489        6.5067356968463242E-003   1.0071805046340572        1.0212106044055786     
   1.4776318300000001E-002   1.0139598812415609       0.99554869023020975        6.5073685297571751E-003   1.0071501968727332        1.0212098940134913     
   1.5009172300000000E-002   1.0139925933853371       0.99556078985201180        6.5187325723644780E-003   1.0070975928614163        1.0211894999776778     
   1.5244834100000000E-002   1.0140031877351325       0.99557047321540615        6.5222188465265986E-003   1.0070707998821664        1.0211730013554865     
   1.5483355100000000E-002   1.0140281103826592       0.99558327268098989        6.5320869750370297E-003   1.0070237807979678        1.0211504215529645     
   1.5724785599999999E-002   1.0140326787318676       0.99559612359081895        6.5373090148530795E-003   1.0069905347678045        1.0211213094282328     
   1.5969179600000001E-002   1.0140505879495720       0.99560777636564879        6.5446927072222300E-003   1.0069483855278729        1.0210966023794119     
   1.6216590999999999E-002   1.0140534339741643       0.99562920099063346        6.5512705830485527E-003   1.0069041567815114        1.0210546178671518     
   1.6467073900000000E-002   1.0140686024352497       0.99563846200441575        6.5581298349966692E-003   1.0068691263961234        1.0210343678397176     
   1.6720684199999999E-002   1.0140648505995196       0.99565703199028732        6.5634572122408941E-003   1.0068233068736767        1.0209841262649693     
   1.6977479699999999E-002   1.0140806120164028       0.99566363557695559        6.5720005551649675E-003   1.0067951998510809        1.0209714924401607     
   1.7237518000000000E-002   1.0140631391798494       0.99567085549396361        6.5736849092671266E-003   1.0067590231313095        1.0209172153941743     
   1.7500858800000001E-002   1.0140852422443616       0.99566781808464833        6.5851479632484866E-003   1.0067343519786298        1.0209144492019693     
   1.7767561599999999E-002   1.0140472904543407       0.99566559731579363        6.5837304635906705E-003   1.0067160800212882        1.0208577132024026     
   1.8037688000000000E-002   1.0140748250520961       0.99563928571636329        6.5962027730671032E-003   1.0067018691633738        1.0208710218514665     
   1.8311301200000001E-002   1.0140395964107949       0.99565722800124012        6.5896217182439057E-003   1.0066793653759802        1.0208127373809341     
   1.8588466599999999E-002   1.0140918042456861       0.99563632189322349        6.6013906432644499E-003   1.0066651860046893        1.0208509147468146     
   1.8869249200000000E-002   1.0140514049533349       0.99566323926110667        6.5866393313909295E-003   1.0066520089133684        1.0207968839376982     
   1.9153716000000001E-002   1.0141316453732143       0.99567408329331952        6.6010577759267573E-003   1.0066377070155876        1.0208631541104376     
   1.9441936199999999E-002   1.0141009928175073       0.99569590407477515        6.5802886941888523E-003   1.0066181127093388        1.0208124274866259     
   1.9733980299999999E-002   1.0141875847174300       0.99570309414952751        6.5925211956931792E-003   1.0066271649814467        1.0209087731634874     
   2.0029919199999999E-002   1.0141493897375302       0.99570449277808593        6.5724306536627322E-003   1.0066167227597673        1.0208597350864106     
   2.0329825600000000E-002   1.0142305503060147       0.99571606942365587        6.5887088491172864E-003   1.0066365239775528        1.0209615156718872     
   2.0633773899999999E-002   1.0142113707048452       0.99572889019012034        6.5619905112193041E-003   1.0066227156161198        1.0209282041876586     
   2.0941840499999999E-002   1.0142855939922542       0.99572125157308267        6.5769488136727464E-003   1.0066593596798570        1.0210400865807459     
   2.1254103600000001E-002   1.0143002247208104       0.99573720707088720        6.5481474225076901E-003   1.0066228350061937        1.0210177677558814     
   2.1570641500000001E-002   1.0143657970349926       0.99571582264525793        6.5646761610063213E-003   1.0066709711088022        1.0211326019607703     
   2.1891536199999999E-002   1.0144056579495671       0.99573682806166497        6.5285655285201635E-003   1.0066181775031955        1.0211191746541231     
   2.2216869500000000E-002   1.0144678381974912       0.99570847971392584        6.5468253308105916E-003   1.0066792638527671        1.0212437365589584     
   2.2546725300000001E-002   1.0145145309061403       0.99572687324511067        6.5055237188320885E-003   1.0066181064594379        1.0212286960763239     
   2.2881191200000001E-002   1.0145875694015247       0.99569028730294140        6.5258726152748860E-003   1.0066701211147935        1.0213549913709967     
   2.3220354700000001E-002   1.0146268358168125       0.99570927288000111        6.4801012463816844E-003   1.0066335574912706        1.0213574212643892     
   2.3564305200000000E-002   1.0147298529344859       0.99569399274743531        6.5052895854492455E-003   1.0066597533217074        1.0214877034432019     
   2.3913135799999999E-002   1.0147434409333362       0.99570817918697951        6.4613361863041872E-003   1.0066520877268217        1.0214936033226416     
   2.4266939599999999E-002   1.0148720123637218       0.99569631007401205        6.4881613427471884E-003   1.0066602344045112        1.0216312978566422     
   2.4625813600000001E-002   1.0148807983691264       0.99569774528344790        6.4462486697502881E-003   1.0066713370468197        1.0216514102373921     
   2.4989854499999999E-002   1.0150199052349298       0.99569187518553026        6.4729327071871316E-003   1.0066705895053440        1.0217906863625053     
   2.5359163099999998E-002   1.0150288722008274       0.99569398400657216        6.4319377089001465E-003   1.0066894875519485        1.0218188952062832     
   2.5733841600000001E-002   1.0151568549012742       0.99570506197800723        6.4585834098955007E-003   1.0066833776353483        1.0219415315216920     
   2.6113996300000001E-002   1.0151735288143391       0.99570370157771171        6.4246534970656376E-003   1.0067297621299596        1.0220054051838912     
   2.6499733300000002E-002   1.0153071134699652       0.99570703294372820        6.4465565958819124E-003   1.0067046379803850        1.0221143801046910     
   2.6891162600000001E-002   1.0153413316622995       0.99570724603747718        6.4193348485055831E-003   1.0067539749425760        1.0221989215745084     
   2.7288395900000002E-002   1.0154621604094074       0.99570204525003836        6.4387775782317894E-003   1.0067260448380848        1.0222922044316995     
   2.7691546800000001E-002   1.0155318024492181       0.99570141403023571        6.4126031561348865E-003   1.0067549392428179        1.0223916580739119     
   2.8100732699999999E-002   1.0156135062503093       0.99569808877667876        6.4304932167522488E-003   1.0067446854861701        1.0224634999254743     
   2.8516072800000000E-002   1.0156729816544601       0.99569104609429770        6.4122263856033314E-003   1.0067896327224672        1.0225690281660271     
   2.8937688100000001E-002   1.0157629994437825       0.99570462342425525        6.4307525787839544E-003   1.0067540380149165        1.0226235013561713     
   2.9365703500000000E-002   1.0158122919383601       0.99568605368316343        6.4189635210060401E-003   1.0068105467942781        1.0227305290868092     
   2.9800247400000000E-002   1.0158846048172412       0.99571392827856398        6.4354530907434655E-003   1.0067615945834334        1.0227536046585668     
   3.0241450300000000E-002   1.0159377402463758       0.99569412219879139        6.4324391745329470E-003   1.0068187338364263        1.0228651492914962     
   3.0689446299999999E-002   1.0159901554556885       0.99571956471902623        6.4515970549548253E-003   1.0067715033012026        1.0228699361473461     
   3.1144371300000001E-002   1.0159828716835861       0.99569087823013536        6.4608671951375133E-003   1.0068369834864930        1.0229291297998466     
   3.1606364999999997E-002   1.0159864120019857       0.99570048557390778        6.4851253059440960E-003   1.0068071925766084        1.0229024271637006     
   3.2075568999999998E-002   1.0160284597376439       0.99569487320971484        6.5010178843807860E-003   1.0068270497724825        1.0229649366025315     
   3.2552130499999998E-002   1.0159785637976542       0.99570160526739548        6.5266154373648669E-003   1.0067976853254037        1.0228848663717063     
   3.3036198500000002E-002   1.0160428820445355       0.99569647599473821        6.5457856460522656E-003   1.0068128375149932        1.0229650171081703     
   3.3527925600000001E-002   1.0159419106323686       0.99569532518272208        6.5714966809394910E-003   1.0067864508747959        1.0228365505005215     
   3.4027468399999997E-002   1.0159750396157392       0.99569874467390496        6.5975703708643961E-003   1.0068177474287618        1.0229017008297656     
   3.4534987099999997E-002   1.0158537650731034       0.99568462628780463        6.6247426104553394E-003   1.0067860094183863        1.0227473582905926     
   3.5050645499999998E-002   1.0158601490162817       0.99570416634248760        6.6626280933103051E-003   1.0068166529739473        1.0227849151221882     
   3.5574607600000002E-002   1.0157807245665897       0.99569890022732011        6.6982393527685929E-003   1.0067420518781416        1.0226291709084339     
   3.6107044700000000E-002   1.0157974900448146       0.99573002953107914        6.7230071505345410E-003   1.0067859280797240        1.0226906187558229     
   3.6648131899999999E-002   1.0157000008582147       0.99571124682414791        6.7565221880320787E-003   1.0067232229976859        1.0225287784627342     
   3.7198048099999999E-002   1.0157594183649576       0.99574926259621477        6.7721527617303481E-003   1.0067658170459213        1.0226318607522864     
   3.7756975700000001E-002   1.0156976762402599       0.99571291801439399        6.8022573661738230E-003   1.0067014647672574        1.0225043384317691     
   3.8325104899999997E-002   1.0157774508108237       0.99573097465216653        6.7910683742371421E-003   1.0067647388518541        1.0226489199971611     
   3.8902625400000002E-002   1.0158047644103558       0.99571219771514596        6.8258823254971363E-003   1.0067285193605009        1.0226396264341799     
   3.9489734899999997E-002   1.0158994467376494       0.99571717500431878        6.8067330990138047E-003   1.0067891884668143        1.0227965795448837     
   4.0086634500000003E-002   1.0159552446393840       0.99568041208649838        6.8333293949678050E-003   1.0068115453410948        1.0228754698527682     
   4.0693528999999999E-002   1.0160963139303505       0.99566997403590007        6.8212584116808033E-003   1.0068516064746447        1.0230582060137383     
   4.1310630700000003E-002   1.0162026763240668       0.99563387370150636        6.8314150374783264E-003   1.0068791104336021        1.0231932467574221     
   4.1938155900000003E-002   1.0163539881046562       0.99560986390238648        6.8077665391055499E-003   1.0069335487903401        1.0234009280694365     
   4.2576324200000001E-002   1.0164607379684825       0.99559545101106950        6.8089944171868038E-003   1.0069604618698640        1.0235357741773259     
   4.3225362900000001E-002   1.0166536514637250       0.99556069769910349        6.7767981355814902E-003   1.0069819900543402        1.0237519171469533     
   4.3885502999999999E-002   1.0166726324843769       0.99556084106901743        6.7454103890357293E-003   1.0070077269558961        1.0237971966963595     
   4.4556979099999998E-002   1.0168090876479885       0.99551018151395687        6.7417157084917294E-003   1.0070628763457530        1.0239906845012841     
   4.5240033399999997E-002   1.0168168899787096       0.99553771403478053        6.7007586811134437E-003   1.0070300519292779        1.0239651655178268     
   4.5934915500000000E-002   1.0169031173106295       0.99552238108118341        6.7318617434710560E-003   1.0071106925155573        1.0241340026959371     
   4.6641878800000001E-002   1.0168252774173285       0.99553266441812771        6.6877172333885612E-003   1.0070519660875297        1.0239958947906185     
   4.7361183899999999E-002   1.0169214777734785       0.99555157979858533        6.7847827822092935E-003   1.0071276953785293        1.0241697842909316     
   4.8093099100000002E-002   1.0167808921200419       0.99556787580402983        6.7373652591353941E-003   1.0070257708908488        1.0239245617142700     
   4.8837896399999997E-002   1.0168759477502092       0.99560124793144222        6.9053367430019956E-003   1.0070829519855991        1.0240784312634343     
   4.9595855199999997E-002   1.0166323620624373       0.99561248303757799        6.8480529232308757E-003   1.0070485337190931        1.0237981295463556     
   5.0367262199999999E-002   1.0168047517989296       0.99560418567646380        7.0505488230844316E-003   1.0070510311065868        1.0239742737331892     
   5.1152411799999999E-002   1.0165199974704822       0.99565887799009400        7.0255830259768103E-003   1.0069538004263836        1.0235886746623200     
   5.1951605800000002E-002   1.0167160400569533       0.99562634144699114        7.2327090691234478E-003   1.0070521257963692        1.0238860494706212     
   5.2765149599999998E-002   1.0163460786002014       0.99566048060611378        7.2163428008775801E-003   1.0069578777894870        1.0234176904069259     
   5.3593359899999998E-002   1.0166212202235709       0.99557731044962416        7.4502620552697142E-003   1.0070279030731026        1.0237659356213615     
   5.4436560699999997E-002   1.0159028386053748       0.99544683387677269        7.3839313834551832E-003   1.0071588289321207        1.0231755132386064     
   5.5295083699999997E-002   1.0164846117403878       0.99547175114738917        7.6899590562617762E-003   1.0070359405325169        1.0236365370208118     
   5.6169267699999997E-002   1.0159540000953851       0.99559430221121903        7.5694404229315181E-003   1.0069722408216144        1.0230374760477325     
   5.7059459399999998E-002   1.0163760251056229       0.99535781158463066        7.8746031420040500E-003   1.0069783609153986        1.0234686638345680     
   5.7966016199999998E-002   1.0157687921366880       0.99587627247609711        7.6464462756734592E-003   1.0070415632917797        1.0229213923763332     
   5.8889303400000002E-002   1.0165598028925447       0.99550197387141226        7.8121010317912182E-003   1.0068628274179916        1.0235362773798637     
   5.9829697000000001E-002   1.0156997003195201       0.99584831137480201        7.6498811613933794E-003   1.0070355181208568        1.0228456739664669     
   6.0787580899999999E-002   1.0168768891888482       0.99553107443677491        7.7954005974750669E-003   1.0070448408221093        1.0240406250088654     
   6.1763349900000000E-002   1.0161449207468209       0.99564566037920654        7.6094319342942954E-003   1.0068715966191444        1.0231274587487855     
   6.2757402700000006E-002   1.0173843400659375       0.99552294342009373        7.8356563997480175E-003   1.0070498292316834        1.0245567259263912     
   6.3770152600000005E-002   1.0163848813955907       0.99562023554545176        7.5559862817899557E-003   1.0071176493484495        1.0236191525844300     
   6.4802028200000000E-002   1.0176870045116670       0.99539444694405788        7.7654987259072085E-003   1.0072655552516290        1.0250810656718115     
   6.5853461599999996E-002   1.0171179124690946       0.99568769901473453        7.5664361374357817E-003   1.0071816005608407        1.0244224470397238     
   6.6924899800000007E-002   1.0180760179946120       0.99540851042506595        7.8296651248700652E-003   1.0072103269943742        1.0254166789894836     
   6.8016797300000001E-002   1.0176912461556855       0.99558148720900841        7.6830698853738652E-003   1.0070978885660933        1.0249147052155871     
   6.9129623500000001E-002   1.0180559144452879       0.99533297812108601        7.8645580163995508E-003   1.0075204186242634        1.0257121211048237     
   7.0263862600000004E-002   1.0178871454866603       0.99543526141214800        7.8134980966502662E-003   1.0074719931198930        1.0254927912345642     
   7.1420006499999994E-002   1.0180772682925610       0.99523833051211441        7.9041099511888216E-003   1.0076818202340929        1.0258979548520009     
   7.2598561600000000E-002   1.0181451378164068       0.99523926226588622        8.0441972894064791E-003   1.0076725535005970        1.0259569108576760     
   7.3800042299999993E-002   1.0181680908204840       0.99531662626846162        7.8845942327202476E-003   1.0077810370549627        1.0260904944633389     
   7.5024984800000000E-002   1.0186988477771686       0.99507282512366724        8.1552756124769251E-003   1.0076357675291823        1.0264773953610409     
   7.6273933099999996E-002   1.0186585376168631       0.99516338263426862        7.9563332122520713E-003   1.0073317437486697        1.0261270809820646     
   7.7547445899999998E-002   1.0191439871303414       0.99509837833101544        8.2881527191250772E-003   1.0073843524464841        1.0266697055250269     
   7.8846097000000004E-002   1.0187444638123822       0.99526599000206284        8.1701160794436494E-003   1.0075239858796308        1.0264094827730585     
   8.0170474899999997E-002   1.0191314003591303       0.99502646539012185        8.4728714945156661E-003   1.0076355397241732        1.0269130186507247     
   8.1521183299999994E-002   1.0190276691525539       0.99532071836576574        8.4158469053306761E-003   1.0074842392601762        1.0266543160412314     
   8.2898840299999998E-002   1.0188633906001163       0.99504531456621936        8.6360290577093754E-003   1.0078158801599066        1.0268267047603630     
   8.4304086900000005E-002   1.0185616451278929       0.99545598657276146        8.3361062799410576E-003   1.0076439242610711        1.0263474531984824     
   8.5737571100000007E-002   1.0194056965694138       0.99527720351974491        8.6830322416613266E-003   1.0078708147274773        1.0274292499392466     
   8.7199963599999999E-002   1.0190703322952028       0.99534613415523265        8.2903532570919869E-003   1.0080609828874287        1.0272850408049208     
   8.8691957299999999E-002   1.0208335647793332       0.99516840819069108        8.5441938118445884E-003   1.0078375260464831        1.0288343744324153     
   9.0214252499999995E-002   1.0205042231688828       0.99492462898673995        8.0704007251408486E-003   1.0082750363022419        1.0289489326621966     
   9.1767579299999999E-002   1.0209696299345739       0.99474364205904864        8.5324990854705584E-003   1.0084034756821434        1.0295493233919359     
   9.3352675400000001E-002   1.0211549018679971       0.99479951013163481        8.0720801787039966E-003   1.0081299582977190        1.0294568486356952     
   9.4970308200000006E-002   1.0211840730060033       0.99454535768997021        8.7983536602681336E-003   1.0086821510238695        1.0300501473510115     
   9.6621260000000000E-002   1.0201877402751756       0.99460899514968248        8.5886976370221323E-003   1.0081159935284933        1.0284675773730971     
   9.8306335499999994E-002   1.0204817081482747       0.99407348011382568        9.4689206436538217E-003   1.0093353617080125        1.0300082740102492     
  0.10002636199999999        1.0206642678873892       0.99448539424087079        9.6637719622901137E-003   1.0078542220447280        1.0286807916804965     
  0.10178218000000000        1.0213592194748340       0.99526201235442469        9.5537529483373605E-003   1.0076190181616282        1.0291409739175592     
  0.10357466300000000        1.0219932136748535       0.99456583763779305        9.8541497517556954E-003   1.0081375634140628        1.0303097482598744     
  0.10540470500000000        1.0213488992858817       0.99517789233519904        9.6876798698308838E-003   1.0077531620675422        1.0292675828295510     
  0.10727322100000000        1.0225351893043961       0.99414979802028824        9.9394193845398857E-003   1.0083507217602654        1.0310740961603575     
  0.10918115800000000        1.0217952372471657       0.99493257966400861        9.8504761968542312E-003   1.0088304549611680        1.0308181540692127     
  0.11112948500000000        1.0229084835706044       0.99383985819142107        9.9906429329450590E-003   1.0098938002151221        1.0330289357454054     
  0.11311919199999999        1.0232312771695820       0.99421193101849292        9.6553416910498350E-003   1.0097400781755244        1.0331976298008554     
  0.11515130100000000        1.0243338237534745       0.99409777311250713        9.9101748482507118E-003   1.0096178513448535        1.0341857141978408     
  0.11722686100000000        1.0234493826009199       0.99365461049816872        1.0470887454811631E-002   1.0101918841615616        1.0338802601536101     
  0.11934695400000001        1.0240808755992119       0.99409178871376247        1.1182259321912085E-002   1.0094320366101557        1.0337400439096240     
  0.12151268100000000        1.0219024341273188       0.99489055983611274        1.0913347666450376E-002   1.0095692848369657        1.0316813095950719     
  0.12372518300000000        1.0252167606614948       0.99365923556113955        1.1292904094398447E-002   1.0102017628968383        1.0356757789716280     
  0.12598562199999999        1.0251818903318182       0.99352603782103543        1.1067272944907449E-002   1.0108401130351301        1.0362949779045834     
  0.12829519800000000        1.0264791795506878       0.99294611220573814        1.1055838780594792E-002   1.0112872069346497        1.0380652624643858     
  0.13065515500000000        1.0273493928874411       0.99361051990158511        1.1227697438468187E-002   1.0107465312507962        1.0383898352435925     
  0.13306675900000001        1.0280260967981918       0.99365831001888894        1.1514620563326989E-002   1.0099470076282731        1.0382518802251073     
  0.13553130599999999        1.0286523485836874       0.99366613355607647        1.2452781801979153E-002   1.0109394262801996        1.0399052151189727     
  0.13805013899999999        1.0292392117642686       0.99305080287514835        1.2833939675920225E-002   1.0108209765658707        1.0403765851554450     
  0.14062462700000000        1.0300282295979100       0.99298186847764447        1.3084964119325944E-002   1.0116870730288858        1.0420662447390348     
  0.14325618700000001        1.0324878935148791       0.99234655834998431        1.2436550255198492E-002   1.0113185451355575        1.0441741543395440     
  0.14594627900000001        1.0329783154792793       0.99197549234996019        1.1773405612063862E-002   1.0127973586853958        1.0461977094967037     
  0.14869639300000001        1.0336962472025615       0.99137140957316960        1.1356833341665753E-002   1.0130967054251101        1.0472342624512152     
  0.15150806300000000        1.0355897281052149       0.99163187480953918        1.2614276157145747E-002   1.0140135571520270        1.0501020239460694     
  0.15438287000000001        1.0352964319425819       0.99070639973604546        1.2791670348619616E-002   1.0150709163533327        1.0508992978692924     
  0.15732243700000001        1.0370069590445081       0.98715340736716839        1.6170489382466485E-002   1.0221207673573076        1.0599463487334406     
  0.16032843299999999        1.0425492668240310       0.98917545861561795        1.9282341016362295E-002   1.0171859386145377        1.0604664545263001     
  0.16340257200000000        1.0472174583769489       0.98846541601628179        1.9645044538057474E-002   1.0179909557960116        1.0660579013794202     
  0.16654662800000000        1.0474599722734126       0.98791317132850809        2.0683832447890484E-002   1.0191475503787839        1.0675162648622774     
  0.16976241800000000        1.0501497059798113       0.98737854178166407        2.2494233183103042E-002   1.0193705449510255        1.0704916780647995     
  0.17305180400000000        1.0538526158747452       0.98704769058367581        2.2205231783159963E-002   1.0202900546347178        1.0752353430277841     
  0.17641671000000000        1.0550052854567873       0.98689841629875874        2.2745059672591834E-002   1.0212007148661799        1.0773721516960695     
  0.17985910199999999        1.0496811129166996       0.98572690745349989        2.2131767745001484E-002   1.0229645907901015        1.0737866101349300     
  0.18338102100000001        1.0508080338344237       0.98671251041872976        2.4276447462553412E-002   1.0206229382548253        1.0724787830338653     
  0.18698455400000000        1.0453104896475693       0.99388703486744345        1.7841403220414359E-002   1.0087899389623827        1.0544987050483099     
  0.19067184600000001        1.0324886366647197       0.99167633097313757        1.2400954652713531E-002   1.0130274604130149        1.0459393415057572     
  0.19444510300000001        1.0225244845376982       0.99337523287874385        1.0090716083596081E-002   1.0108112531903006        1.0335792556333168     
  0.19830660500000000        1.0173892452209838       0.99503366243581592        7.2096445284039997E-003   1.0079015204667141        1.0254281671647123     
  0.20225869099999999        1.0136386189257451       0.99650699777986351        5.2050297130884597E-003   1.0054483875967855        1.0191613150047230     
  0.20630377499999999        1.0085444120199758       0.99746558911119321        3.7719785669577551E-003   1.0040521064213626        1.0126311413081512     
  0.21044433100000001        1.0059395446564150       0.99814795261000333        2.4215787347409068E-003   1.0030395624615234        1.0089971607349146     
  0.21468290700000001        1.0038200152139343       0.99880850857148429        1.6430067098148204E-003   1.0019116087388233        1.0057389263272229     
  0.21902212500000001        1.0025164042610728       0.99918938046283101        1.0306857131516833E-003   1.0013169778299040        1.0038366961395997     
  0.22346468300000000        1.0015792123726421       0.99948406967080694        6.6361470596558230E-004   1.0008284675049561        1.0024089882037324     
  0.22801336600000000        1.0009920560046881       0.99967065648252063        4.0807026562188762E-004   1.0005329457422643        1.0015255304589761     
  0.23267103700000000        1.0006112763553419       0.99979254457118660        2.5022905063259434E-004   1.0003339171828702        1.0009453976538907     
  0.23744064600000001        1.0003676775267858       0.99987415901588106        1.5084593527345597E-004   1.0002032848727331        1.0005710371427983     
  0.24232521700000001        1.0002211585624967       0.99992175983319576        8.7700289993522350E-005   1.0001261575564055        1.0003473440197261     
  0.24732787900000000        1.0001285291191646       0.99995326914287119        5.2230020064327444E-005   1.0000751461884367        1.0002036849660747     
  0.25245183700000001        1.0000762370099183       0.99997224350603020        2.9671574863935095E-005   1.0000443996092621        1.0001206400040739     
  0.25770041300000002        1.0000434035719379       0.99998354268105283        1.7239430498684009E-005   1.0000263950626243        1.0000697997802022     
  0.26307699099999998        1.0000251166534968       0.99999033206328503        9.6403524279034203E-006   1.0000155055332591        1.0000406225762031     
  0.26858508599999997        1.0000140191829536       0.99999448803642210        5.4793331147656820E-006   1.0000088418298583        1.0000228611367672     
  0.27422830500000001        1.0000079199917611       0.99999684238739239        2.9911800229676970E-006   1.0000050698771257        1.0000129899090402     
  0.28001037200000001        1.0000043280736435       0.99999824037609952        1.6562027702625931E-006   1.0000028239225103        1.0000071520083760     
  0.28593513399999998        1.0000023852252544       0.99999901618599130        8.8691064214541056E-007   1.0000015804687756        1.0000039656977999     
  0.29200652199999999        1.0000012807728866       0.99999946253149075        4.7894880722151383E-007   1.0000008629520709        1.0000021437260629     
  0.29822862100000003        1.0000006887486412       0.99999970717687103        2.5199942893413538E-007   1.0000004702791683        1.0000011590281335     
  0.30460560300000000        1.0000003643980599       0.99999984237730566        1.3255029254217081E-007   1.0000002531467251        1.0000006175448772     
  0.31114178900000000        1.0000001919688581       0.99999991570107394        6.8755983952198786E-008   1.0000001353386339        1.0000003273075180     
  0.31784161900000002        1.0000001001434682       0.99999995535309383        3.5469672379224228E-008   1.0000000716544537        1.0000001717979290     
  0.32470965400000001        1.0000000520255601       0.99999997643974436        1.8122207255104200E-008   1.0000000377906837        1.0000000898162458     
  0.33175063100000002        1.0000000267631948       0.99999998770804754        9.2268470336976653E-009   1.0000000197028491        1.0000000464660443     
  0.33896940900000000        1.0000000137154903       0.99999999361093483        4.6492371199711231E-009   1.0000000102448652        1.0000000239603557     
  0.34637099500000001        1.0000000069817852       0.99999999670352158        2.3337428668519785E-009   1.0000000052795308        1.0000000122613160     
  0.35396054399999999        1.0000000035199355       0.99999999831730269        1.1643041773237229E-009   1.0000000026980083        1.0000000062179437     
  0.36174336099999999        1.0000000017782846       0.99999999913912863        5.7429663021852814E-010   1.0000000013781716        1.0000000031564562     
  0.36972492899999998        1.0000000008806575       0.99999999956878360        2.8437154348034372E-010   1.0000000006913226        1.0000000015719801     
  0.37791091199999999        1.0000000004413601       0.99999999978129428        1.3777727055009576E-010   1.0000000003501863        1.0000000007915464     
  0.38630712000000000        1.0000000002150471       0.99999999989239252        6.7642956509471602E-011   1.0000000001724894        1.0000000003875364     
  0.39491957400000000        1.0000000001066336       0.99999999994600208        3.2268526003739248E-011   1.0000000000865663        1.0000000001931999     
  0.40375444300000002        1.0000000000510938       0.99999999997399902        1.5674396835139674E-011   1.0000000000417386        1.0000000000928324     
  0.41281810400000002        1.0000000000247971       0.99999999998710898        7.2958030377195076E-012   1.0000000000208022        1.0000000000455993     
  0.42211714400000000        1.0000000000114468       0.99999999999404365        3.5128755040804708E-012   1.0000000000096279        1.0000000000210747     
  0.43165832799999998        1.0000000000053344       0.99999999999715583        1.5312807476349022E-012   1.0000000000046692        1.0000000000100036     
  0.44144865900000002        1.0000000000021942       0.99999999999877032        7.1734224640213172E-013   1.0000000000020786        1.0000000000042728     
  0.45149534899999999        1.0000000000009104       0.99999999999947287        2.8480386028745505E-013   1.0000000000009184        1.0000000000018288     
  0.46180581999999998        1.0000000000003126       0.99999999999978129        1.2240099700677154E-013   1.0000000000004006        1.0000000000007132     
  0.47238776100000002        1.0000000000000386       0.99999999999998868        4.2496498759639492E-014   1.0000000000000444        1.0000000000000830     
  0.48324906800000000        1.0000000000000000        1.0000000000000000        4.7380908301248912E-015   1.0000000000000004        1.0000000000000004     
  0.49439790800000000        1.0000000000000000        1.0000000000000000        7.2074319841993643E-017   1.0000000000000000        1.0000000000000000     
  0.50584268600000004        1.0000000000000000        1.0000000000000000        7.0364045659914325E-018   1.0000000000000000        1.0000000000000000     
  0.51759207200000001        1.0000000000000000        1.0000000000000000       -5.4270057146772203E-017   1.0000000000000000        1.0000000000000000     
  0.52965503899999999        1.0000000000000000        1.0000000000000000       -5.2681242227427078E-018   1.0000000000000000        1.0000000000000000     
  0.54204082499999995        1.0000000000000000        1.0000000000000000        1.3911387863602041E-020   1.0000000000000000        1.0000000000000000     
  0.55475890600000000        1.0000000000000000        1.0000000000000000       -2.1329242272437600E-020   1.0000000000000000        1.0000000000000000     
  0.56781911799999996        1.0000000000000000        1.0000000000000000       -1.4926715766791830E-021   1.0000000000000000        1.0000000000000000     
  0.58123165399999999        1.0000000000000000        1.0000000000000000        4.4516928952792264E-023   1.0000000000000000        1.0000000000000000     
  0.59500694300000001        1.0000000000000000        1.0000000000000000        4.3039957911624753E-024   1.0000000000000000        1.0000000000000000     
  0.60915577399999998        1.0000000000000000        1.0000000000000000       -9.2025516154694231E-025   1.0000000000000000        1.0000000000000000     
  0.62368929399999995        1.0000000000000000        1.0000000000000000       -2.7256292182961924E-025   1.0000000000000000        1.0000000000000000     
  0.63861900599999999        1.0000000000000000        1.0000000000000000        2.1924145546323039E-026   1.0000000000000000        1.0000000000000000     
  0.65395683100000002        1.0000000000000000        1.0000000000000000       -3.8230946474921557E-027   1.0000000000000000        1.0000000000000000     
  0.66971498699999998        1.0000000000000000        1.0000000000000000       -3.3428454469489073E-028   1.0000000000000000        1.0000000000000000     
  0.68590617200000004        1.0000000000000000        1.0000000000000000        1.0094295474346086E-028   1.0000000000000000        1.0000000000000000     
  0.70254343699999999        1.0000000000000000        1.0000000000000000        7.7788405476757195E-030   1.0000000000000000        1.0000000000000000     
  0.71964025499999995        1.0000000000000000        1.0000000000000000       -3.9962121603136028E-030   1.0000000000000000        1.0000000000000000     
  0.73721057199999995        1.0000000000000000        1.0000000000000000        5.8820462574425152E-031   1.0000000000000000        1.0000000000000000     
  0.75526875299999996        1.0000000000000000        1.0000000000000000        4.1120451538259368E-032   1.0000000000000000        1.0000000000000000     
  0.77382963900000001        1.0000000000000000        1.0000000000000000       -9.8609903030469623E-033   1.0000000000000000        1.0000000000000000     
  0.79290854899999996        1.0000000000000000        1.0000000000000000       -8.1707486766702201E-034   1.0000000000000000        1.0000000000000000     
  0.81252133800000004        1.0000000000000000        1.0000000000000000        3.3772164554475696E-034   1.0000000000000000        1.0000000000000000     
  0.83268433799999997        1.0000000000000000        1.0000000000000000        2.4403018011682615E-035   1.0000000000000000        1.0000000000000000     
  0.85341441600000001        1.0000000000000000        1.0000000000000000       -1.4023982845486161E-035   1.0000000000000000        1.0000000000000000     
  0.87472903700000004        1.0000000000000000        1.0000000000000000       -9.6645707539037527E-037   1.0000000000000000        1.0000000000000000     
  0.89664620200000000        1.0000000000000000        1.0000000000000000        6.7379946381261358E-037   1.0000000000000000        1.0000000000000000     
  0.91918456599999998        1.0000000000000000        1.0000000000000000        8.6166257061794588E-038   1.0000000000000000        1.0000000000000000     
  0.94236332199999995        1.0000000000000000        1.0000000000000000       -3.7570105682938666E-038   1.0000000000000000        1.0000000000000000     
  0.96620231899999998        1.0000000000000000        1.0000000000000000       -1.2542356500824631E-038   1.0000000000000000        1.0000000000000000     
  0.99072212000000004        1.0000000000000000        1.0000000000000000        4.7830307432819312E-038   1.0000000000000000        1.0000000000000000     
   1.0159438800000000        1.0000000000000000        1.0000000000000000        0.0000000000000000        1.0000000000000000        1.0000000000000000     
