   0.0000000000000000        1.0203266507581803        0.0000000000000000        0.0000000000000000        1.0000000000000000        3.6297590639607648E-003
   9.9999997500000001E-005   1.0091633523253374        1.8919535637890571E-002   1.4450080061819545E-005   1.0110530909793638        3.6281654770766092E-003
   2.0049999900000000E-004  0.99913259250131381        3.7613858783080954E-002   6.3467600008037264E-006   1.0212058170867024        3.6285741970106178E-003
   3.0150957199999998E-004  0.98926473625379441        5.6415473984836900E-002   2.6836516223748768E-005   1.0313921586156889        3.6285521012823551E-003
   4.0303840100000001E-004  0.98039037301737175        7.5009821789826292E-002   2.4858409854775171E-005   1.0407332044221325        3.6294311598176836E-003
   5.0509627899999999E-004  0.97165843156391629        9.3723015575652754E-002   5.1543982510927188E-005   1.0500831828032338        3.6289604311134532E-003
   6.0769315999999998E-004  0.96381348258598376       0.11224482480568633        5.5640666171204167E-005   1.0586379953844609        3.6302809159538939E-003
   7.1083911499999998E-004  0.95609975161171890       0.13089204266217991        8.8564156320301363E-005   1.0671737419488296        3.6293838578258363E-003
   8.1454432800000004E-004  0.94918270353273804       0.14936204914447598        9.8795138188843078E-005   1.0749609691562352        3.6311355171227732E-003
   9.1881916199999998E-004  0.94239259217605320       0.16795919962543940        1.3803047972579460E-004   1.0826984731545359        3.6298251180639468E-003
   1.0236740299999999E-003  0.93632170150588323       0.18639188216141017        1.5448137576017429E-004   1.0897314412264414        3.6319995060000009E-003
   1.1291195400000001E-003  0.93037879207155061       0.20494869864539345        2.0011275535478587E-004   1.0966819877517819        3.6302969734160794E-003
   1.2351664499999999E-003  0.92508783817539542       0.22335236641604733        2.2287957631556476E-004   1.1029699777232129        3.6328771900591222E-003
   1.3418257000000001E-003  0.91992996915296976       0.24187242151980348        2.7499714023367046E-004   1.1091414663302308        3.6307990906158821E-003
   1.4491083600000000E-003  0.91536512022165417       0.26024947477846355        3.0418095262805958E-004   1.1146908558122126        3.6337730786651212E-003
   1.5570255900000001E-003  0.91094152750520085       0.27873048986791515        3.6287431423263157E-004   1.1200888981154518        3.6313378198048001E-003
   1.6655887000000000E-003  0.90705884573737705       0.29707751060174853        3.9857930523220061E-004   1.1249041631316323        3.6346913884550774E-003
   1.7748092100000001E-003  0.90332786753006822       0.31551144359456651        4.6393002950822712E-004   1.1295331210736828        3.6319188507271832E-003
   1.8846988700000000E-003  0.90009130160018092       0.33381930147999872        5.0625641954896053E-004   1.1336178453477608        3.6356360600461883E-003
   1.9952694400000000E-003  0.89701850832257035       0.35219246298880641        5.7833634243966597E-004   1.1374818355957588        3.6325463232369281E-003
   2.1065329200000002E-003  0.89439825313494770       0.37044624645443291        6.2737569528842655E-004   1.1408396812434247        3.6366103591338661E-003
   2.2185016399999999E-003  0.89195491857901654       0.38873925329131637        7.0624053939028419E-004   1.1439435240471878        3.6332237233040387E-003
   2.3311879499999999E-003  0.88992597313813526       0.40691827092717475        7.6207084016244222E-004   1.1465792466652731        3.6376164051041275E-003
   2.4446041800000001E-003  0.88808774598949836       0.42510597898795255        8.4774901410741745E-004   1.1489294192471418        3.6339532571817118E-003
   2.5587631399999998E-003  0.88662868055780675       0.44318343526763071        9.1042372995771064E-004   1.1508498195980821        3.6386530482924017E-003
   2.6736778700000002E-003  0.88537428926312078       0.46123488662058509        1.0028849923109521E-003   1.1524555052892265        3.6347274826463638E-003
   2.7893613999999999E-003  0.88446606660421023       0.47917761084444538        1.0723416618121614E-003   1.1536701968404710        3.6396680639279116E-003
   2.9058270200000001E-003  0.88377698912651281       0.49705560988403630        1.1708689455773922E-003   1.1545436767583768        3.6355597251021476E-003
   3.0230882100000002E-003  0.88340838198785310       0.51481836636748779        1.2475341300756417E-003   1.1550585270855920        3.6407829489206499E-003
   3.1411587299999999E-003  0.88326237379547123       0.53248334318736379        1.3526643062776508E-003   1.1552224604179322        3.6365236876049439E-003
   3.2600522999999999E-003  0.88341714231277801       0.55001755610528003        1.4362729957257455E-003   1.1550544187980694        3.6419417625602195E-003
   3.3797831299999998E-003  0.88379301177323233       0.56742307466449893        1.5481873846617902E-003   1.1545355014239889        3.6375728576118088E-003
   3.5003656500000001E-003  0.88445190496063930       0.58467616368409470        1.6382227924111612E-003   1.1537104956611146        3.6431152965278801E-003
   3.6218143100000002E-003  0.88533070896923116       0.60176598598461684        1.7564235958702058E-003   1.1525372950243600        3.6386893781065193E-003
   3.7441439900000001E-003  0.88647496840601037       0.61867713441325900        1.8528612656386035E-003   1.1510854006006188        3.6443560946523650E-003
   3.8673696100000000E-003  0.88783376474951337       0.63539177826768867        1.9770336067353365E-003   1.1492954910333306        3.6398826096004488E-003
   3.9915065300000002E-003  0.88944185303509660       0.65189600074810039        2.0794750213561498E-003   1.1472539119584646        3.6456509560893273E-003
   4.1165701100000004E-003  0.89125483473116351       0.66816991967199424        2.2091790960518192E-003   1.1448919295247493        3.6411548988612989E-003
   4.2425761899999997E-003  0.89330092818624995       0.68419748832312666        2.3171036129024845E-003   1.1423062468802787        3.6470054662686635E-003
   4.3695406100000000E-003  0.89553804118361569       0.69996009294314687        2.4517590890183990E-003   1.1394245356462869        3.6425029873618908E-003
   4.4974796500000004E-003  0.89799107056235838       0.71543755823566402        2.5644976038373146E-003   1.1363488904710504        3.6484208368654596E-003
   4.6264100799999998E-003  0.90061698589058303       0.73061453618370897        2.7033670689930894E-003   1.1330076906640598        3.6439234565563815E-003
   4.7563486699999996E-003  0.90343982338348960       0.74546624439275844        2.8200955463267246E-003   1.1295045810738311        3.6498962921757698E-003
   4.8873121899999997E-003  0.90641306084011020       0.75998123141935048        2.9622724444183404E-003   1.1257718480529750        3.6454118930936579E-003
   5.0193178499999998E-003  0.90956180668814934       0.77413080093241282        3.0820034885512770E-003   1.1219116684215478        3.6514292989319507E-003
   5.1523833500000003E-003  0.91283436634200110       0.78790776649627980        3.2264098647591753E-003   1.1178621505766742        3.6469621213151642E-003
   5.2865268699999997E-003  0.91625805888813139       0.80128052752505952        3.3479996241289247E-003   1.1137221434379279        3.6530159441365761E-003
   5.4217665500000001E-003  0.91977535276704014       0.81424644648654820        3.4933963032998654E-003   1.1094360917559729        3.6485665477386285E-003
   5.5581205500000001E-003  0.92341615427613144       0.82677201559295921        3.6155558626545362E-003   1.1050987537457764        3.6546502284411286E-003
   5.6956079799999997E-003  0.92711736780765430       0.83885954173504473        3.7605625680168214E-003   1.1006602253441171        3.6502162449316860E-003
   5.8342479199999997E-003  0.93091138864241407       0.85047499122778969        3.8818842201591135E-003   1.0962111190677937        3.6563241244026118E-003
   5.9740599200000001E-003  0.93473055390601001       0.86162579752930402        4.0250168864803901E-003   1.0917056696221334        3.6519009407550472E-003
   6.1150635599999999E-003  0.93860928576572045       0.87227883744489254        4.1440126788138036E-003   1.0872308313265533        3.6580275096226304E-003
   6.2572788399999999E-003  0.94247691482044638       0.88244675889203539        4.2837314095739744E-003   1.0827428899062073        3.6536032897457886E-003
   6.4007262699999996E-003  0.94636935014189072       0.89209893467401613        4.3988861013558589E-003   1.0783259008910155        3.6597467977498538E-003
   6.5454267900000003E-003  0.95021483485440561       0.90125317522541637        4.5336562557347481E-003   1.0739358280314717        3.6553134780632573E-003
   6.6914013599999999E-003  0.95405013183603804       0.90988279623639945        4.6434904738455827E-003   1.0696547255553066        3.6614699884074003E-003
   6.8386718600000002E-003  0.95780453903652996       0.91801051052578519        4.7718537283044466E-003   1.0654358831332560        3.6570223066832918E-003
   6.9872601899999996E-003  0.96151507549904014       0.92561485711624114        4.8749952354236147E-003   1.0613602225143757        3.6631883004621473E-003
   7.1371886899999999E-003  0.96511420562360306       0.93272299469144582        4.9956441846825935E-003   1.0573762506680233        3.6587214658451955E-003
   7.2884797100000003E-003  0.96863865795160076       0.93931954258681127        5.0908990804789797E-003   1.0535645655499071        3.6648869356469987E-003
   7.4411565400000004E-003  0.97202602871465305       0.94543553426615945        5.2027481116325115E-003   1.0498671749025221        3.6603965532804638E-003
   7.5952424700000002E-003  0.97531233309196863       0.95106207986165658        5.2891659602445802E-003   1.0463650154159394        3.6665543662738652E-003
   7.7507616999999999E-003  0.97844180328837049       0.95623332334565880        5.3914151700589401E-003   1.0429924263959363        3.6620340176701798E-003
   7.9077379799999993E-003  0.98144946215375106       0.96094669391391963        5.4683405954645053E-003   1.0398312411156716        3.6681807720791758E-003
   8.0661959900000003E-003  0.98428709929272373       0.96523853826774841        5.5605140265576856E-003   1.0368075536007721        3.6636249033016243E-003
   8.2261608900000005E-003  0.98698861457319254       0.96911197225972878        5.6276185091285657E-003   1.0340044708530260        3.6697571695920189E-003
   8.3876587500000006E-003  0.98951367783777255       0.97260454383033856        5.7095834956823761E-003   1.0313398665124764        3.6651615024067634E-003
   8.5507156300000005E-003  0.99189504183740129       0.97572398854028763        5.7668720140143315E-003   1.0288983185753324        3.6712751338770027E-003
   8.7153585600000007E-003  0.99409987203575223       0.97850789996401077        5.8388312301331600E-003   1.0265901800557873        3.6666368976103524E-003
   8.8816145400000008E-003  0.99616001588520253       0.98096744492723842        5.8866190665689735E-003   1.0245013387421835        3.6727267635401433E-003
   9.0495105799999996E-003  0.99804891544885599       0.98313889820626732        5.9490809631041648E-003   1.0225361053664292        3.6680448157610278E-003
   9.2190746200000000E-003  0.99979839732760134       0.98503598447681673        5.9879414228954002E-003   1.0207807795226684        3.6741048909970575E-003
   9.3903355300000001E-003   1.0013856540096788       0.98669175167833190        6.0416692706214093E-003   1.0191363603418464        3.6693804867792201E-003
   9.5633221800000001E-003   1.0028444826372294       0.98812236149817778        6.0723754273562195E-003   1.0176874686293023        3.6754041007043352E-003
   9.7380643700000005E-003   1.0041525832632843       0.98935574741864707        6.1183010887927462E-003   1.0163351783382586        3.6706419267344892E-003
   9.9145919099999993E-003   1.0053474414817340       0.99041007008317328        6.1417849703388899E-003   1.0151605815995652        3.6766238221843028E-003
   1.0092935500000001E-002   1.0064047801118419       0.99130733795993775        6.1809234059370718E-003   1.0140673722835780        3.6718305038656507E-003
   1.0273126900000000E-002   1.0073665781052883       0.99206670877816372        6.1981974828244756E-003   1.0131321850909771        3.6777682970412905E-003
   1.0455197700000000E-002   1.0082048042169038       0.99270429677804894        6.2315853858392464E-003   1.0122631221994323        3.6729540951911470E-003
   1.0639180400000000E-002   1.0089665032858464       0.99323938760089614        6.2436692821252740E-003   1.0115316166275781        3.6788425342511909E-003
   1.0825108700000001E-002   1.0096182062125947       0.99368247772096940        6.2722021182316148E-003   1.0108519279414931        3.6740196847916727E-003
   1.1013016100000000E-002   1.0102112291779803       0.99405104372251996        6.2799511023220473E-003   1.0102909527012902        3.6798687778148514E-003
   1.1202937000000000E-002   1.0107081676861647       0.99435256275124628        6.3045267072020378E-003   1.0097676045951820        3.6750652552221463E-003
   1.1394905900000000E-002   1.0111637996536922       0.99460167615546913        6.3088113356381545E-003   1.0093448068617474        3.6808803691154583E-003
   1.1588958999999999E-002   1.0115355906413952       0.99480308148438712        6.3302510425122666E-003   1.0089475337457081        3.6761320488649745E-003
   1.1785132800000001E-002   1.0118819680758204       0.99496980111517619        6.3318354770522632E-003   1.0086342216145634        3.6819252207085217E-003
   1.1983464500000001E-002   1.0121551411168768       0.99510287854261337        6.3508425857573669E-003   1.0083363343875753        3.6772865759518835E-003
   1.2183991300000000E-002   1.0124167253572889       0.99521397027613101        6.3503621076400106E-003   1.0081077728494616        3.6830661063360004E-003
   1.2386751400000000E-002   1.0126143805610925       0.99530161292533248        6.3673903576560451E-003   1.0078863290912092        3.6786055015514923E-003
   1.2591784800000000E-002   1.0128123549626626       0.99537613603942376        6.3654625220505891E-003   1.0077213556781597        3.6843998911721093E-003
   1.2799130800000001E-002   1.0129532638074665       0.99543436102353589        6.3810519515353891E-003   1.0075577960743289        3.6801710728837883E-003
   1.3008830100000000E-002   1.0131044019784421       0.99548535417945283        6.3782182291320360E-003   1.0074397539385758        3.6860088291517422E-003
   1.3220924900000000E-002   1.0132018247360710       0.99552499267512629        6.3927048447498889E-003   1.0073208309033128        3.6820185653378096E-003
   1.3435456900000000E-002   1.0133192004956906       0.99556104521322009        6.3888258459577751E-003   1.0072370502698513        3.6879718730506044E-003
   1.3652470000000000E-002   1.0133869536981004       0.99558890659889188        6.4024137714083790E-003   1.0071492037014729        3.6842613318755729E-003
   1.3872007800000001E-002   1.0134809015793671       0.99561555096659105        6.3979886732245328E-003   1.0070896903466788        3.6903870256853127E-003
   1.4094115200000000E-002   1.0135278353115091       0.99563586439682084        6.4108325953718542E-003   1.0070242753842544        3.6869882029186684E-003
   1.4318837799999999E-002   1.0136056816433003       0.99565653724411729        6.4060743043828023E-003   1.0069818681369063        3.6933112241701359E-003
   1.4546223000000000E-002   1.0136385614938870       0.99567189430847736        6.4182729022550589E-003   1.0069323832239196        3.6902665094116455E-003
   1.4776318300000001E-002   1.0137055362722784       0.99568865802025153        6.4133523343213161E-003   1.0069020255160559        3.6968138838208713E-003
   1.5009172300000000E-002   1.0137292852776187       0.99570063837178069        6.4249820012096696E-003   1.0068636759568026        3.6941418928009605E-003
   1.5244834100000000E-002   1.0137891449539760       0.99571465831586403        6.4200329438091090E-003   1.0068417935758951        3.7009430380775614E-003
   1.5483355100000000E-002   1.0138072720673295       0.99572413861798803        6.4311591540400122E-003   1.0068111955301891        3.6986627905906599E-003
   1.5724785599999999E-002   1.0138626698963038       0.99573596258452390        6.4262840310712168E-003   1.0067952803629410        3.7057412478159035E-003
   1.5969179600000001E-002   1.0138775822856627       0.99574334902248018        6.4369793508262142E-003   1.0067701572512859        3.7038737413018301E-003
   1.6216590999999999E-002   1.0139303083894078       0.99575310575794229        6.4322590790788755E-003   1.0067585183666405        3.7112455359198226E-003
   1.6467073900000000E-002   1.0139436387566141       0.99575866929799484        6.4426036275042039E-003   1.0067373766591907        3.7098141003763917E-003
   1.6720684199999999E-002   1.0139947618434795       0.99576652257262344        6.4381114424827612E-003   1.0067289979828369        3.7174875983091759E-003
   1.6977479699999999E-002   1.0140077015743099       0.99577057560240090        6.4481992024458187E-003   1.0067107862949762        3.7165161716134253E-003
   1.7237518000000000E-002   1.0140579341508722       0.99577677521180152        6.4439998657004329E-003   1.0067052300888235        3.7245403433483486E-003
   1.7500858800000001E-002   1.0140721752849773       0.99577955413455632        6.4539208482146150E-003   1.0066892608951092        3.7242086842731053E-003
   1.7767561599999999E-002   1.0141221002977623       0.99578434331733967        6.4499947290765046E-003   1.0066864609644717        3.7326764526091471E-003
   1.8037688000000000E-002   1.0141383284697298       0.99578606544645853        6.4598042240868007E-003   1.0066722002205486        3.7330111515379177E-003
   1.8311301200000001E-002   1.0141880587778342       0.99578972087054629        6.4561190915326753E-003   1.0066719418872907        3.7419040301400358E-003
   1.8588466599999999E-002   1.0142065801777720       0.99579058589829461        6.4658856698843036E-003   1.0066591473643014        3.7429162951821420E-003
   1.8869249200000000E-002   1.0142561989966905       0.99579326998191320        6.4624002104706575E-003   1.0066611802085323        3.7522039849693938E-003
   1.9153716000000001E-002   1.0142770128811471       0.99579349238874193        6.4722048299247865E-003   1.0066498569059217        3.7538946213879531E-003
   1.9441936199999999E-002   1.0143265482983777       0.99579519799399885        6.4688769689337528E-003   1.0066539090712436        3.7635330213041983E-003
   1.9733980299999999E-002   1.0143494469118515       0.99579488484485823        6.4788189944592614E-003   1.0066442401639215        3.7658979012990456E-003
   2.0029919199999999E-002   1.0143988025652113       0.99579543753817457        6.4756232550400375E-003   1.0066500804017922        3.7758278860270627E-003
   2.0329825600000000E-002   1.0144234686278553       0.99579450496488520        6.4858025332760836E-003   1.0066423251907621        3.7788569977897134E-003
   2.0633773899999999E-002   1.0144724448872060       0.99579431102265337        6.4826989609574693E-003   1.0066497314251648        3.7890025328457537E-003
   2.0941840499999999E-002   1.0144986310313795       0.99579291971849426        6.4932332158148306E-003   1.0066439594503012        3.7926640711317765E-003
   2.1254103600000001E-002   1.0145468214373561       0.99579214245867154        6.4901915622090547E-003   1.0066527639241953        3.8029217732895742E-003
   2.1570641500000001E-002   1.0145747397625660       0.99579112165512407        6.5012132009333139E-003   1.0066487348476341        3.8072103911347493E-003
   2.1891536199999999E-002   1.0146222585636204       0.99579103352989062        6.4981979603594567E-003   1.0066583655591290        3.8174972259939570E-003
   2.2216869500000000E-002   1.0146516924709374       0.99579104673132401        6.5098650565918494E-003   1.0066561573504387        3.8223881771272993E-003
   2.2546725300000001E-002   1.0146981361063629       0.99579234028651931        6.5068107405824582E-003   1.0066664440197430        3.8326007906524283E-003
   2.2881191200000001E-002   1.0147293223045113       0.99579284481633479        6.5192626298821756E-003   1.0066657138217570        3.8380745667033044E-003
   2.3220354700000001E-002   1.0147741741498690       0.99579505160061377        6.5161090822104173E-003   1.0066763331025308        3.8480615286319774E-003
   2.3564305200000000E-002   1.0148075189866075       0.99579536371543842        6.5294136312623215E-003   1.0066766432953302        3.8541119293393294E-003
   2.3913135799999999E-002   1.0148516469591018       0.99579970627890135        6.5260822356133716E-003   1.0066857002315903        3.8636858661082146E-003
   2.4266939599999999E-002   1.0148881256159588       0.99580083289238408        6.5404013701626370E-003   1.0066858454289580        3.8702697770557192E-003
   2.4625813600000001E-002   1.0149315759850472       0.99580924318826392        6.5367139321718939E-003   1.0066920995875435        3.8792141368002814E-003
   2.4989854499999999E-002   1.0149696525077274       0.99580833422252779        6.5520147827053728E-003   1.0066934163097272        3.8862976667322639E-003
   2.5359163099999998E-002   1.0150098329569095       0.99581527954839955        6.5478871587836040E-003   1.0066983961131211        3.8944233708513936E-003
   2.5733841600000001E-002   1.0150500127334730       0.99581208808175337        6.5643403456587673E-003   1.0067003938141259        3.9020084928251268E-003
   2.6113996300000001E-002   1.0150860458708011       0.99581750579609452        6.5597197155494984E-003   1.0067038606817167        3.9091145182631624E-003
   2.6499733300000002E-002   1.0151289118421203       0.99581247217040458        6.5778268437086656E-003   1.0067056494437960        3.9171447259278179E-003
   2.6891162600000001E-002   1.0151597585693402       0.99581582372202992        6.5728569287629608E-003   1.0067075739195686        3.9230388732348709E-003
   2.7288395900000002E-002   1.0152048700759877       0.99580885193945878        6.5930703654119988E-003   1.0067093231345821        3.9314656423444392E-003
   2.7691546800000001E-002   1.0152297356056619       0.99581111586805893        6.5880522962723136E-003   1.0067096036522756        3.9359865620679424E-003
   2.8100732699999999E-002   1.0152764231769627       0.99580280599965287        6.6106848473849620E-003   1.0067115259308936        3.9447280746678281E-003
   2.8516072800000000E-002   1.0152955290547974       0.99580477565309322        6.6059469382707195E-003   1.0067106829632233        3.9480099043325200E-003
   2.8937688100000001E-002   1.0153438305731102       0.99579559915039539        6.6309764197207488E-003   1.0067131297574168        3.9571366885964221E-003
   2.9365703500000000E-002   1.0153582010052571       0.99579841331822128        6.6265384088538028E-003   1.0067109299379551        3.9593212060949033E-003
   2.9800247400000000E-002   1.0154082558507747       0.99578898902450819        6.6538756641875765E-003   1.0067137382498705        3.9688287673775701E-003
   3.0241450300000000E-002   1.0154187144699707       0.99579161430885044        6.6495900871864026E-003   1.0067102268438866        3.9700722117128450E-003
   3.0689446299999999E-002   1.0154709456290216       0.99578122506797673        6.6785406296105730E-003   1.0067133913443063        3.9800356224646361E-003
   3.1144371300000001E-002   1.0154787752002088       0.99578292429112936        6.6744549908578270E-003   1.0067085271508693        3.9805610954948044E-003
   3.1606364999999997E-002   1.0155329178927610       0.99577189786562670        6.7043940572319030E-003   1.0067123874128785        3.9909943336050423E-003
   3.2075568999999998E-002   1.0155396631527496       0.99577295591338300        6.7003836523912234E-003   1.0067062413841099        3.9910923694624111E-003
   3.2552130499999998E-002   1.0155960553160366       0.99576173690637626        6.7306039395633767E-003   1.0067106411944384        4.0020278645981422E-003
   3.3036198500000002E-002   1.0156021223377252       0.99576177400111199        6.7266082019067329E-003   1.0067045753783486        4.0020184502409517E-003
   3.3527925600000001E-002   1.0156580629266834       0.99574840874004455        6.7558066436326329E-003   1.0067114348982622        4.0133189098055209E-003
   3.4027468399999997E-002   1.0156597378394943       0.99575494523357533        6.7515776325700171E-003   1.0067114292196273        4.0136189787909338E-003
   3.4534987099999997E-002   1.0157130163906423       0.99574707088754599        6.7795360490942973E-003   1.0067224732127720        4.0251999884271692E-003
   3.5050645499999998E-002   1.0157162113913432       0.99575379889590165        6.7748183381516778E-003   1.0067239794743481        4.0260475622323566E-003
   3.5574607600000002E-002   1.0157708056003654       0.99574887998291917        6.8018229535752725E-003   1.0067355979950132        4.0379695360643186E-003
   3.6107044700000000E-002   1.0157755200749916       0.99575484772866463        6.7966327249125201E-003   1.0067393814874268        4.0395033589939776E-003
   3.6648131899999999E-002   1.0158315268887765       0.99575078836194242        6.8234613089986976E-003   1.0067519668125127        4.0518549366845768E-003
   3.7198048099999999E-002   1.0158348691482237       0.99575219138269266        6.8171523817522652E-003   1.0067617915748881        4.0542380014121126E-003
   3.7756975700000001E-002   1.0158963790376188       0.99574676184398614        6.8441337721034277E-003   1.0067739790184258        4.0675071060918598E-003
   3.8325104899999997E-002   1.0159055612503960       0.99574762469467137        6.8364994820094447E-003   1.0067818046068528        4.0705775474663064E-003
   3.8902625400000002E-002   1.0159708143501458       0.99573488261252985        6.8642630058906601E-003   1.0067991416038673        4.0854542468408772E-003
   3.9489734899999997E-002   1.0159844377288403       0.99573077518605535        6.8545494657154642E-003   1.0068085461307008        4.0896097573555777E-003
   4.0086634500000003E-002   1.0160633158747285       0.99571213180557483        6.8829792355077010E-003   1.0068299490361003        4.1076743820721495E-003
   4.0693528999999999E-002   1.0160807686827720       0.99570624873297320        6.8696303403533313E-003   1.0068377559963211        4.1122287592105476E-003
   4.1310630700000003E-002   1.0161801648043634       0.99568296062199835        6.8995702670605905E-003   1.0068625730066596        4.1346027452236955E-003
   4.1938155900000003E-002   1.0161967587408463       0.99568054558175900        6.8847944604993388E-003   1.0068668446923243        4.1383614392791002E-003
   4.2576324200000001E-002   1.0163146876203832       0.99565599564156904        6.9184317638858938E-003   1.0068949051212004        4.1646573151443321E-003
   4.3225362900000001E-002   1.0163217495005712       0.99565593984511391        6.9027392993276943E-003   1.0068958525929022        4.1660990128727926E-003
   4.3885502999999999E-002   1.0164506827602073       0.99563940520991678        6.9417897549199211E-003   1.0069280705652199        4.1951294315064379E-003
   4.4556979099999998E-002   1.0164447527752698       0.99563903122351682        6.9228967456176930E-003   1.0069222413036498        4.1930051117515721E-003
   4.5240033399999997E-002   1.0165805163086270       0.99562504311343980        6.9711218152061155E-003   1.0069560368546759        4.2235514010384645E-003
   4.5934915500000000E-002   1.0165572397343916       0.99562429315333278        6.9470119070536036E-003   1.0069458460555052        4.2175160407492696E-003
   4.6641878800000001E-002   1.0166942459196902       0.99560354525701822        7.0064806567915368E-003   1.0069815175766272        4.2486276192203942E-003
   4.7361183899999999E-002   1.0166492524669903       0.99560181752365051        6.9785738378296842E-003   1.0069745488439588        4.2392718456241950E-003
   4.8093099100000002E-002   1.0167545176249513       0.99559784689193698        7.0488235648093868E-003   1.0070027278605522        4.2633165737260281E-003
   4.8837896399999997E-002   1.0167247025896498       0.99560202602116521        7.0233243404222434E-003   1.0070069749302217        4.2587262663629621E-003
   4.9595855199999997E-002   1.0167970117341336       0.99560555432239406        7.0993053042922765E-003   1.0070175864115165        4.2736558262410074E-003
   5.0367262199999999E-002   1.0167910658417274       0.99560346198293703        7.0904349697392182E-003   1.0070332640604764        4.2754331968081205E-003
   5.1152411799999999E-002   1.0168232446413095       0.99560247964879800        7.1599313319000912E-003   1.0070169411128371        4.2782559769859773E-003
   5.1951605800000002E-002   1.0168435782041427       0.99559416676591239        7.1812350980184616E-003   1.0070428842646093        4.2866231858295798E-003
   5.2765149599999998E-002   1.0168621197547740       0.99558954081758677        7.2309767428713678E-003   1.0070070894602732        4.2834577851176359E-003
   5.3593359899999998E-002   1.0168851132005245       0.99555981366735757        7.2802903040853255E-003   1.0070305345573731        4.2918498445998488E-003
   5.4436560699999997E-002   1.0168797163175722       0.99555875944535688        7.3118052448858852E-003   1.0069934314648494        4.2841419502919120E-003
   5.5295083699999997E-002   1.0169112654971706       0.99553863773530404        7.3807164206391388E-003   1.0070267522359202        4.2958658938813121E-003
   5.6169267699999997E-002   1.0168670963374022       0.99555926147660889        7.3995046054834892E-003   1.0069985804584203        4.2828075940428067E-003
   5.7059459399999998E-002   1.0169287190606773       0.99554402485584370        7.4794000714045661E-003   1.0070362649442905        4.3007319566868273E-003
   5.7966016199999998E-002   1.0168516602278108       0.99558105684894727        7.4921747071691087E-003   1.0070096933848987        4.2820497471308750E-003
   5.8889303400000002E-002   1.0169416377349885       0.99556184636627987        7.5778114411523372E-003   1.0070485586487858        4.3052875912421339E-003
   5.9829697000000001E-002   1.0168522919311989       0.99558689187780514        7.5917740850870198E-003   1.0070059587910620        4.2814852116188871E-003
   6.0787580899999999E-002   1.0169714701603265       0.99556354958042148        7.6826982979537675E-003   1.0070589039489206        4.3125310869608835E-003
   6.1763349900000000E-002   1.0168922469085626       0.99555728577808533        7.6979602788235625E-003   1.0070137907507180        4.2900922043583234E-003
   6.2757402700000006E-002   1.0170358698404320       0.99552943918340209        7.7728777750099877E-003   1.0070736392966235        4.3267883456091227E-003
   6.3770152600000005E-002   1.0169927952404501       0.99551600874901136        7.7935153914600744E-003   1.0070487930604723        4.3145298210877413E-003
   6.4802028200000000E-002   1.0171545987636808       0.99548488145110126        7.8524579677123063E-003   1.0071002726661442        4.3529774568795308E-003
   6.5853461599999996E-002   1.0171838847195194       0.99550017211183539        7.8693013126775648E-003   1.0071073125945302        4.3595229561320592E-003
   6.6924899800000007E-002   1.0173394335641992       0.99547038216364991        7.9128119023624491E-003   1.0071555863691093        4.3962667406729659E-003
   6.8016797300000001E-002   1.0174686629265155       0.99545592108488279        7.9279815241524651E-003   1.0071814732699171        4.4242119521965238E-003
   6.9129623500000001E-002   1.0175986099485510       0.99536951406972873        7.9593010193911174E-003   1.0072230956423092        4.4551467917303932E-003
   7.0263862600000004E-002   1.0178181147002399       0.99530632724736989        7.9717373362262877E-003   1.0072559629887063        4.5006009410249381E-003
   7.1420006499999994E-002   1.0179305020709342       0.99532786463941469        7.9942780655162422E-003   1.0072934881120161        4.5276368011869838E-003
   7.2598561600000000E-002   1.0181449776657925       0.99531469573478237        8.0065996665712874E-003   1.0073420979105543        4.5750531748131994E-003
   7.3800042299999993E-002   1.0183099146867403       0.99532862295410029        8.0345946974301596E-003   1.0073782644937324        4.6112990310516267E-003
   7.5024984800000000E-002   1.0183612618412581       0.99538802925199976        8.0418997586010170E-003   1.0075294152427332        4.6480226158526370E-003
   7.6273933099999996E-002   1.0185375744499723       0.99526718303236139        8.0817407050965354E-003   1.0076404944922952        4.6999473531701896E-003
   7.7547445899999998E-002   1.0186262201479706       0.99522293163689346        8.0756433363852256E-003   1.0076914034835389        4.7251581082215421E-003
   7.8846097000000004E-002   1.0188966517360902       0.99510064642051677        8.1197974984338270E-003   1.0077910580484930        4.7919526241395139E-003
   8.0170474899999997E-002   1.0190078936324887       0.99508727022386867        8.1154769075067953E-003   1.0077940901336415        4.8125237504200889E-003
   8.1521183299999994E-002   1.0193055664428659       0.99500793687271960        8.1670583432848377E-003   1.0079210165064429        4.8891969035301719E-003
   8.2898840299999998E-002   1.0194016296553592       0.99501504892063075        8.1611863756752504E-003   1.0079496560416430        4.9117003534659975E-003
   8.4304086900000005E-002   1.0196931520267312       0.99496911160887669        8.2346646142805475E-003   1.0079975679763460        4.9728959509070291E-003
   8.5737571100000007E-002   1.0197552545642243       0.99495014460440279        8.2747741806303305E-003   1.0080561370059553        4.9947397513458057E-003
   8.7199963599999999E-002   1.0198494903580826       0.99493423438728357        8.3891356023620359E-003   1.0081087701284137        5.0212884716028892E-003
   8.8691957299999999E-002   1.0198406938553044       0.99491236529162641        8.4791608138534910E-003   1.0081311269554984        5.0237764306117014E-003
   9.0214252499999995E-002   1.0199329427656800       0.99486795720688326        8.6668213928322978E-003   1.0081303690699550        5.0402453601732554E-003
   9.1767579299999999E-002   1.0199004013350064       0.99486388357864552        8.7900272478611940E-003   1.0081425329668836        5.0366024956811726E-003
   9.3352675400000001E-002   1.0201226868918827       0.99481759774484269        8.9855480025290407E-003   1.0081265898650544        5.0737152821947072E-003
   9.4970308200000006E-002   1.0200620654363008       0.99462235593229364        9.0455314356796112E-003   1.0081373862456131        5.0647686530810474E-003
   9.6621260000000000E-002   1.0205259522057726       0.99469103502466671        9.2090944838938340E-003   1.0081359986734315        5.1480267855573613E-003
   9.8306335499999994E-002   1.0206199850374196       0.99463892495141193        9.2447032644558964E-003   1.0083085646109509        5.1964057368447669E-003
  0.10002636199999999        1.0207998352422987       0.99466199305558800        9.2412825304126218E-003   1.0084855662666974        5.2610535516573308E-003
  0.10178218000000000        1.0214567207496887       0.99457689341371014        9.3299476259845644E-003   1.0088464693585997        5.4451797019529546E-003
  0.10357466300000000        1.0215960512634832       0.99443984829411614        9.2503597776496388E-003   1.0087703951659424        5.4564022023268332E-003
  0.10540470500000000        1.0224729255199163       0.99435001470185824        9.3685478154523494E-003   1.0091658357035695        5.6865614940321274E-003
  0.10727322100000000        1.0226222764348201       0.99421692879076518        9.2889303520472324E-003   1.0091124596652399        5.7037286931443153E-003
  0.10918115800000000        1.0228176899031791       0.99421501209680485        9.4508152079027102E-003   1.0091961490517050        5.7542274700445040E-003
  0.11112948500000000        1.0231696755410011       0.99407101097258743        9.6286131772218755E-003   1.0093560019274181        5.8468666066854467E-003
  0.11311919199999999        1.0229931340278191       0.99408642502703759        9.7514061454456492E-003   1.0092736410863705        5.8000009261811678E-003
  0.11515130100000000        1.0235516634745101       0.99405591851373243        1.0204186169732662E-002   1.0095531850231421        5.9517574815048145E-003
  0.11722686100000000        1.0237329972922538       0.99390047963348183        1.0301137504250147E-002   1.0095280337179957        5.9798499658355762E-003
  0.11934695400000001        1.0245494828308050       0.99369880042290626        1.0669573640622822E-002   1.0098468990658529        6.1853782457521210E-003
  0.12151268100000000        1.0251514030175444       0.99369846856656607        1.0490869816082505E-002   1.0102167824152299        6.3616342580075490E-003
  0.12372518300000000        1.0262629083664445       0.99359903829038421        1.0719393055163838E-002   1.0103446903629967        6.5855857829507014E-003
  0.12598562199999999        1.0264003202001766       0.99352353099473112        1.0343709182191390E-002   1.0107782866395636        6.6898494746846426E-003
  0.12829519800000000        1.0266626024734358       0.99325578000578219        1.0599873346925453E-002   1.0105975732032149        6.7040597425269931E-003
  0.13065515500000000        1.0270065616414970       0.99306911755618033        1.1285675354874720E-002   1.0107776702976208        6.7991606707789752E-003
  0.13306675900000001        1.0269509750717773       0.99306074880517803        1.1551101851261229E-002   1.0108122349541324        6.7954661251122738E-003
  0.13553130599999999        1.0277838438395932       0.99279026693206385        1.2714116072038028E-002   1.0110554299196148        6.9904350174418038E-003
  0.13805013899999999        1.0283344994844448       0.99279777796394109        1.2898314733872245E-002   1.0113496719351649        7.1438854809295037E-003
  0.14062462700000000        1.0300813891971379       0.99245479205844711        1.3097724331547872E-002   1.0121067850612173        7.5986362806620975E-003
  0.14325618700000001        1.0316506195649275       0.99227630021310742        1.3081695128931961E-002   1.0129819092905912        8.0434668442324383E-003
  0.14594627900000001        1.0323237049190384       0.99236307047705241        1.2895305391506360E-002   1.0129221744116521        8.1542092648723141E-003
  0.14869639300000001        1.0329899506770968       0.99146481310569612        1.2735516778274345E-002   1.0133130299721644        8.3468172948938536E-003
  0.15150806300000000        1.0331555796769714       0.99021930848473394        1.3416108438601934E-002   1.0124483541927842        8.2172618337574208E-003
  0.15438287000000001        1.0347803536236553       0.98928945334418961        1.4918497726894745E-002   1.0127945418955460        8.5749811090680382E-003
  0.15732243700000001        1.0383206464490611       0.99011184825048548        1.7077667321911592E-002   1.0152093034266871        9.6629964669819098E-003
  0.16032843299999999        1.0410910365430579       0.98950925042524729        1.8268413526889824E-002   1.0163566694392254        1.0378539014988095E-002
  0.16340257200000000        1.0457442337041183       0.98861072334662625        1.9364124058487663E-002   1.0181194108817144        1.1552232705676228E-002
  0.16654662800000000        1.0495325325859133       0.98778497553497868        2.0807923150206013E-002   1.0195893801218543        1.2516468628034152E-002
  0.16976241800000000        1.0514266849776424       0.98735808324260188        2.1140665312783344E-002   1.0202211130540946        1.2979946936190558E-002
  0.17305180400000000        1.0530794520594211       0.98629001354183565        2.2074909197506685E-002   1.0208098896496880        1.3391771294487782E-002
  0.17641671000000000        1.0521246106459436       0.98732146552722744        2.2813443192116832E-002   1.0206891783925218        1.3195036501207149E-002
  0.17985910199999999        1.0556006059037544       0.98573418163807047        2.1847037257558388E-002   1.0221161595102386        1.4097578086254718E-002
  0.18338102100000001        1.0510715214130786       0.98678835230432937        2.3272800275182946E-002   1.0201832382086498        1.2908133625729774E-002
  0.18698455400000000        1.0443194092330728       0.98921693782955633        2.0037924768755325E-002   1.0175198832583807        1.1181386315588793E-002
  0.19067184600000001        1.0357715439533746       0.99103624060348372        1.4271354682941042E-002   1.0143400743779403        9.0401044521821426E-003
  0.19444510300000001        1.0249728239354228       0.99313034044957094        1.0840140630441253E-002   1.0100598439960031        6.3006947579207139E-003
  0.19830660500000000        1.0181602904439382       0.99482862196934840        7.3824761529022471E-003   1.0073481096091685        4.5789006888969997E-003
  0.20225869099999999        1.0122142190133145       0.99650767419715069        5.1112368550046564E-003   1.0049633680261991        3.0782519113623746E-003
  0.20630377499999999        1.0082279433731380       0.99757720920725634        3.3435704973346267E-003   1.0033543669076692        2.0731981824600614E-003
  0.21044433100000001        1.0052730968134571       0.99842017546037976        2.1597343334176402E-003   1.0021520179815284        1.3279397489547398E-003
  0.21468290700000001        1.0033449833432455       0.99897215896013292        1.3463433667109735E-003   1.0013688333053450        8.4257060235654047E-004
  0.21902212500000001        1.0020558981636194       0.99935776129624920        8.2258434893566499E-004   1.0008427891572240        5.1793214455788826E-004
  0.22346468300000000        1.0012400488413959       0.99960318102452628        4.9241403991768758E-004   1.0005094904709206        3.1253055453297644E-004
  0.22801336600000000        1.0007341817897566       0.99976132094322512        2.8682897919328070E-004   1.0003022722425587        1.8512070626629836E-004
  0.23267103700000000        1.0004240036261960       0.99985900298162966        1.6549934946799970E-004   1.0001749602377901        1.0697107995739325E-004
  0.23744064600000001        1.0002425263543391       0.99991811954414023        9.2477691624635183E-005   1.0001003064631799        6.1224490085696833E-005
  0.24232521700000001        1.0001347975742672       0.99995351161558144        5.1568458682799132E-005   1.0000558777260675        3.4050505806547194E-005
  0.24732787900000000        1.0000746613222786       0.99997387153120987        2.7769396964979227E-005   1.0000310246671642        1.8872911747410841E-005
  0.25245183700000001        1.0000400991693414       0.99998568417523581        1.4997789908692811E-005   1.0000167013970218        1.0143077870593067E-005
  0.25770041300000002        1.0000215511643247       0.99999219674537376        7.8121005465017842E-006   1.0000089984730636        5.4553270206758597E-006
  0.26307699099999998        1.0000112226164222       0.99999585996908036        4.0946026101695638E-006   1.0000046969273879        2.8427850931997005E-006
  0.26858508599999997        1.0000058640522251       0.99999780730747811        2.0695842265318196E-006   1.0000024603982032        1.4865115814864462E-006
  0.27422830500000001        1.0000029694448085       0.99999887015324418        1.0547186962957006E-006   1.0000012488637453        7.5327004681443767E-007
  0.28001037200000001        1.0000015113032514       0.99999941750193566        5.1873103328323302E-007   1.0000006371959511        3.8366074384914892E-007
  0.28593513399999998        1.0000007461151925       0.99999970772555580        2.5750836153806663E-007   1.0000003153287174        1.8954359736517950E-007
  0.29200652199999999        1.0000003705269556       0.99999985306660633        1.2353938298700002E-007   1.0000001569796100        9.4197611377744295E-008
  0.29822862100000003        1.0000001787533714       0.99999992803964788        5.9840881816316679E-008   1.0000000759122012        4.5475997531177880E-008
  0.30460560300000000        1.0000000867629957       0.99999996466514496        2.8066488778847772E-008   1.0000000369345674        2.2088851105360267E-008
  0.31114178900000000        1.0000000409877696       0.99999998307324822        1.3287270522994084E-008   1.0000000174892985        1.0442333704079639E-008
  0.31784161900000002        1.0000000194759873       0.99999999186883126        6.1050158007715866E-009   1.0000000083292664        4.9652239066309639E-009
  0.32470965400000001        1.0000000090265682       0.99999999618270707        2.8291304551405634E-009   1.0000000038692192        2.3028191655148434E-009
  0.33175063100000002        1.0000000042052981       0.99999999820312047        1.2757364676248609E-009   1.0000000018068005        1.0735890351324227E-009
  0.33896940900000000        1.0000000019154283       0.99999999917201743        5.7963819556098634E-010   1.0000000008245147        4.8927552485724032E-010
  0.34637099500000001        1.0000000008765435       0.99999999961746489        2.5691768068620379E-010   1.0000000003780061        2.2402670988138799E-010
  0.35396054399999999        1.0000000003929359       0.99999999982664023        1.1462572045660431E-010   1.0000000001697407        1.0047795928613823E-010
  0.36174336099999999        1.0000000001771152       0.99999999992114730        4.9988656252820025E-011   1.0000000000765434        4.5296187435793305E-011
  0.36972492899999998        1.0000000000782285       0.99999999996483857        2.1896919467905814E-011   1.0000000000339704        2.0035520861430964E-011
  0.37791091199999999        1.0000000000346145       0.99999999998418421        9.4132018212449641E-012   1.0000000000151863        8.8930053797144287E-012
  0.38630712000000000        1.0000000000149876       0.99999999999308309        4.1370676260806785E-012   1.0000000000067715        3.8855426812541999E-012
  0.39491957400000000        1.0000000000065046       0.99999999999703459        1.7531988828808674E-012   1.0000000000028055        1.6625193285538641E-012
  0.40375444300000002        1.0000000000026525       0.99999999999876743        7.0183646126448534E-013   1.0000000000011497        6.7898068120289936E-013
  0.41281810400000002        1.0000000000010156       0.99999999999947597        2.8069531376396285E-013   1.0000000000005782        2.8461360252712052E-013
  0.42211714400000000        1.0000000000002895       0.99999999999983458        1.1170756784587316E-013   1.0000000000001423        7.7120849389140347E-014
  0.43165832799999998        1.0000000000000386       0.99999999999998890        2.7489030336797019E-014   1.0000000000000631        1.8160076617082919E-014
  0.44144865900000002        1.0000000000000000        1.0000000000000000        6.2845031033227599E-015  0.99999999999999956       -7.9301644616082612E-017
  0.45149534899999999        1.0000000000000000        1.0000000000000000        2.7174653414336434E-017   1.0000000000000000        0.0000000000000000     
  0.46180581999999998        1.0000000000000000        1.0000000000000000        9.8778106976234975E-018   1.0000000000000000        0.0000000000000000     
  0.47238776100000002        1.0000000000000000        1.0000000000000000        2.8184988852920086E-018   1.0000000000000000        0.0000000000000000     
  0.48324906800000000        1.0000000000000000        1.0000000000000000        1.9015897134245117E-019   1.0000000000000000        0.0000000000000000     
  0.49439790800000000        1.0000000000000000        1.0000000000000000        3.2594937034702881E-021   1.0000000000000000        0.0000000000000000     
  0.50584268600000004        1.0000000000000000        1.0000000000000000        1.2350692885197084E-021   1.0000000000000000        0.0000000000000000     
  0.51759207200000001        1.0000000000000000        1.0000000000000000        2.4512941240449572E-022   1.0000000000000000        0.0000000000000000     
  0.52965503899999999        1.0000000000000000        1.0000000000000000        7.3208814278622433E-025   1.0000000000000000        0.0000000000000000     
  0.54204082499999995        1.0000000000000000        1.0000000000000000        2.1671240823128261E-025   1.0000000000000000        0.0000000000000000     
  0.55475890600000000        1.0000000000000000        1.0000000000000000        9.6422701960218865E-026   1.0000000000000000        0.0000000000000000     
  0.56781911799999996        1.0000000000000000        1.0000000000000000        9.5346903436737777E-027   1.0000000000000000        0.0000000000000000     
  0.58123165399999999        1.0000000000000000        1.0000000000000000        7.0109508453981217E-029   1.0000000000000000        0.0000000000000000     
  0.59500694300000001        1.0000000000000000        1.0000000000000000        4.2123282761127657E-029   1.0000000000000000        0.0000000000000000     
  0.60915577399999998        1.0000000000000000        1.0000000000000000        6.4892553566189533E-030   1.0000000000000000        0.0000000000000000     
  0.62368929399999995        1.0000000000000000        1.0000000000000000        2.1837731500219589E-032   1.0000000000000000        0.0000000000000000     
  0.63861900599999999        1.0000000000000000        1.0000000000000000        3.1028561803297568E-033   1.0000000000000000        0.0000000000000000     
  0.65395683100000002        1.0000000000000000        1.0000000000000000        2.0098989354650997E-033   1.0000000000000000        0.0000000000000000     
  0.66971498699999998        1.0000000000000000        1.0000000000000000        1.8234851499443276E-034   1.0000000000000000        0.0000000000000000     
  0.68590617200000004        1.0000000000000000        1.0000000000000000        8.7580640786842125E-037   1.0000000000000000        0.0000000000000000     
  0.70254343699999999        1.0000000000000000        1.0000000000000000        5.4647025873553318E-037   1.0000000000000000        0.0000000000000000     
  0.71964025499999995        1.0000000000000000        1.0000000000000000        1.5200476438153251E-034   1.0000000000000000        0.0000000000000000     
  0.73721057199999995        1.0000000000000000        1.0000000000000000       -6.6468124842391092E-039   1.0000000000000000        0.0000000000000000     
  0.75526875299999996        1.0000000000000000        1.0000000000000000        1.8505716350881625E-037   1.0000000000000000        0.0000000000000000     
  0.77382963900000001        1.0000000000000000        1.0000000000000000        1.0076922018451812E-040   1.0000000000000000        0.0000000000000000     
  0.79290854899999996        1.0000000000000000        1.0000000000000000        7.3569694039977918E-038   1.0000000000000000        0.0000000000000000     
  0.81252133800000004        1.0000000000000000        1.0000000000000000       -3.9811154377458060E-042   1.0000000000000000        0.0000000000000000     
  0.83268433799999997        1.0000000000000000        1.0000000000000000        1.4618919481155001E-040   1.0000000000000000        0.0000000000000000     
  0.85341441600000001        1.0000000000000000        1.0000000000000000        6.0854441264977302E-045   1.0000000000000000        0.0000000000000000     
  0.87472903700000004        1.0000000000000000        1.0000000000000000        1.1157890816434027E-043   1.0000000000000000        0.0000000000000000     
  0.89664620200000000        1.0000000000000000        1.0000000000000000        2.4226268857734300E-048   1.0000000000000000        0.0000000000000000     
  0.91918456599999998        1.0000000000000000        1.0000000000000000        9.3915059741305350E-048   1.0000000000000000        0.0000000000000000     
  0.94236332199999995        1.0000000000000000        1.0000000000000000        6.6930890596582707E-049   1.0000000000000000        0.0000000000000000     
  0.96620231899999998        1.0000000000000000        1.0000000000000000        1.8404567946137704E-049   1.0000000000000000        0.0000000000000000     
  0.99072212000000004        1.0000000000000000        1.0000000000000000        3.5955947497769277E-052   1.0000000000000000        0.0000000000000000     
   1.0159438800000000        1.0000000000000000        1.0000000000000000        0.0000000000000000        1.0000000000000000        0.0000000000000000     
