   0.0000000000000000        1.0115541246245947        0.0000000000000000        0.0000000000000000        1.0000000000000000        2.0632365401061854E-003
   9.9999997500000001E-005   1.0051391192878238        1.0918672077846312E-002   5.4895622083473030E-006   1.0063785058437118        2.0625723274900992E-003
   2.0049999900000000E-004  0.99909211616639948        2.1781713523376552E-002   1.1703240565367805E-006   1.0124701166150549        2.0626627436029499E-003
   3.0150957199999998E-004  0.99309880806074879        3.2703774293773559E-002   7.5803186413217720E-006   1.0185798693239361        2.0625810964775403E-003
   4.0303840100000001E-004  0.98743763372573745        4.3572793957132025E-002   4.1372833334777670E-006   1.0244210569704142        2.0628400774436967E-003
   5.0509627899999999E-004  0.98183437022835263        5.4506207823479598E-002   1.1535357174882646E-005   1.0302659769668152        2.0625976183770633E-003
   6.0769315999999998E-004  0.97653417957832467        6.5389048810246445E-002   9.0432520578929052E-006   1.0358602268597910        2.0630208561327390E-003
   7.1083911499999998E-004  0.97129652209431405        7.6341093206875210E-002   1.7498069525363342E-005   1.0414437457623948        2.0626228956944852E-003
   8.1454432800000004E-004  0.96633540313785671        8.7244925187759809E-002   1.6023322693705052E-005   1.0467938266288499        2.0632025817159711E-003
   9.1881916199999998E-004  0.96144186521084540        9.8222215476208644E-002   2.5569821398128549E-005   1.0521185953710981        2.0626544208220332E-003
   1.0236740299999999E-003  0.95680093802914834       0.10915352064432626        2.5162266519425013E-005   1.0572261349617116        2.0633852929101220E-003
   1.1291195400000001E-003  0.95223284687430088       0.12016200193765873        3.5863553356473766E-005   1.0622938453037469        2.0626950947562539E-003
   1.2351664499999999E-003  0.94789552336477334       0.13112663534978949        3.6584503261952755E-005   1.0671597953989893        2.0635701381373811E-003
   1.3418257000000001E-003  0.94363653520667701       0.14217163969185490        4.8493881297635128E-005   1.0719713916692468        2.0627446206156596E-003
   1.4491083600000000E-003  0.93958839414050899       0.15317485348688514        5.0404800532986777E-005   1.0765959321240002        2.0637576790345979E-003
   1.5570255900000001E-003  0.93562424558018775       0.16426109894379967        6.3576435321265474E-005   1.0811516544459565        2.0628037587089310E-003
   1.6655887000000000E-003  0.93185281365290962       0.17530751824595084        6.6738264447958821E-005   1.0855342155742258        2.0639487677404488E-003
   1.7748092100000001E-003  0.92817111845596856       0.18643910551438334        8.1226726507438340E-005   1.0898336220429097        2.0628735540154891E-003
   1.8846988700000000E-003  0.92466566857248689       0.19753278133462915        8.5699344793683426E-005   1.0939729276084922        2.0641443763048744E-003
   1.9952694400000000E-003  0.92125573574483843       0.20871325154531961        1.0155879255357821E-004   1.0980149248602267        2.0629549037360206E-003
   2.1065329200000002E-003  0.91800713598797190       0.21985756867950523        1.0740006545756226E-004   1.1019090097023312        2.0643453778891796E-003
   2.2185016399999999E-003  0.91485973760322692       0.23108940432109684        1.2468373971218633E-004   1.1056919750726533        2.0630482473145222E-003
   2.3311879499999999E-003  0.91186020800043022       0.24228673808401299        1.3194008559571364E-004   1.1093383273035267        2.0645496210434339E-003
   2.4446041800000001E-003  0.90896763307848172       0.25357160154073288        1.5065505682446088E-004   1.1128599252304827        2.0631521758299981E-003
   2.5587631399999998E-003  0.90621129542782664       0.26482327366506525        1.5937018061537467E-004   1.1162547351077938        2.0647588445498904E-003
   2.6736778700000002E-003  0.90356725035666308       0.27616197359352379        1.7955797353570846E-004   1.1195119335547552        2.0632713470609769E-003
   2.7893613999999999E-003  0.90104955691651456       0.28746846529384040        1.8978188251429429E-004   1.1226506380482673        2.0649749973988434E-003
   2.9058270200000001E-003  0.89864901771190320       0.29886090074393723        2.1149604215935271E-004   1.1256397794131703        2.0634075119801581E-003
   3.0230882100000002E-003  0.89636661570041787       0.31022170312084107        2.2327913552314986E-004   1.1285171728134731        2.0651998133243621E-003
   3.1411587299999999E-003  0.89420575458398333       0.32166682620227866        2.4657760484695095E-004   1.1312339941443581        2.0635620258766373E-003
   3.2600522999999999E-003  0.89215637543095427       0.33308044672727782        2.5997145868570244E-004   1.1338443183362445        2.0654352410437449E-003
   3.3797831299999998E-003  0.89023250042659618       0.34457618075493174        2.8491595220071103E-004   1.1362839741907860        2.0637363461666653E-003
   3.5003656500000001E-003  0.88841488954866088       0.35604010363545907        2.9997523794164600E-004   1.1386209742370317        2.0656834043894911E-003
   3.6218143100000002E-003  0.88672636343142186       0.36758335509540430        3.2663166603672477E-004   1.1407781034479982        2.0639319915424781E-003
   3.7441439900000001E-003  0.88514022610745113       0.37909395996542811        3.4341282739279601E-004   1.1428350697099614        2.0659450011785629E-003
   3.8673696100000000E-003  0.88368556973719192       0.39068049867083920        3.7185300967286359E-004   1.1447049489223251        2.0641508873942799E-003
   3.9915065300000002E-003  0.88233002954371087       0.40223301800127437        3.9041378859551429E-004   1.1464767569689180        2.0662269370648667E-003
   4.1165701100000004E-003  0.88110793453115110       0.41385738717180959        4.2075164569674642E-004   1.1480553145315002        2.0644012347073581E-003
   4.2425761899999997E-003  0.87998208209381679       0.42544615078613252        4.4125397242021733E-004   1.1495377466211312        2.0665392351959522E-003
   4.3695406100000000E-003  0.87899050006237656       0.43710245372242623        4.7366593152511617E-004   1.1508226698817199        2.0646775147236040E-003
   4.4974796500000004E-003  0.87809249081397123       0.44872148805171697        4.9609836453888025E-004   1.1520134268308468        2.0668463244708740E-003
   4.6264100799999998E-003  0.87733063813509171       0.46040199599337839        5.3025709627834425E-004   1.1530018194841019        2.0649682248051670E-003
   4.7563486699999996E-003  0.87666339970009299       0.47204055722427557        5.5485509556096814E-004   1.1538935568459039        2.0671872208147656E-003
   4.8873121899999997E-003  0.87612848928101061       0.48373785755547233        5.9108804254744769E-004   1.1545859462631314        2.0652930079648984E-003
   5.0193178499999998E-003  0.87569196620384882       0.49538602563358947        6.1760433262092202E-004   1.1551757904909743        2.0675284439511787E-003
   5.1523833500000003E-003  0.87538469984789746       0.50708849245631571        6.5590176755372161E-004   1.1555692360010987        2.0656480018367762E-003
   5.2865268699999997E-003  0.87517973797317006       0.51873407385865389        6.8455549648128468E-004   1.1558543600337072        2.0679135624010869E-003
   5.4217665500000001E-003  0.87509869992359157       0.53043027852485536        7.2516372548486296E-004   1.1559492698443912        2.0660184318663632E-003
   5.5581205500000001E-003  0.87512397137024078       0.54206144844309756        7.5558006315681945E-004   1.1559306471536539        2.0683247438711100E-003
   5.6956079799999997E-003  0.87527221031727032       0.55373367143247043        7.9881692188618278E-004   1.1557227001142742        2.0664218290829461E-003
   5.8342479199999997E-003  0.87552288745380558       0.56534034687822066        8.3120605325126583E-004   1.1554067279387588        2.0687561836599255E-003
   5.9740599200000001E-003  0.87590074408704366       0.57697156822831619        8.7648556940964290E-004   1.1548958392170321        2.0668080202194765E-003
   6.1150635599999999E-003  0.87637804455701329       0.58853521967231814        9.1076981663398978E-004   1.1542821594259332        2.0692038829903513E-003
   6.2572788399999999E-003  0.87698608584967142       0.60010556648567215        9.5800925655991731E-004   1.1534692072695685        2.0672223627611025E-003
   6.4007262699999996E-003  0.87769112588993758       0.61160468798005996        9.9419022393549888E-004   1.1525582626673523        2.0696712882605139E-003
   6.5454267900000003E-003  0.87852884260161879       0.62309237910301674        1.0433777493194557E-003   1.1514463925265985        2.0676547400360385E-003
   6.6914013599999999E-003  0.87946173208918721       0.63450349138411655        1.0814421813270490E-003   1.1502408669418251        2.0701473500760381E-003
   6.8386718600000002E-003  0.88052746281751859       0.64588475280512825        1.1325530200876740E-003   1.1488356876335128        2.0681023618136589E-003
   6.9872601899999996E-003  0.88168706262622587       0.65718240203440303        1.1724678623561296E-003   1.1473407930324913        2.0706310071538780E-003
   7.1371886899999999E-003  0.88297776508425840       0.66843147330268726        1.2254617104791999E-003   1.1456505428314891        2.0685635494492398E-003
   7.2884797100000003E-003  0.88436141966019277       0.67958818439210256        1.2671733547347276E-003   1.1438742772361918        2.0711213802456141E-003
   7.4411565400000004E-003  0.88587245591538666       0.69067729071038253        1.3219902086029599E-003   1.1419099863030095        2.0690364286700996E-003
   7.5952424700000002E-003  0.88747569086664246       0.70166371827436591        1.3654226875954726E-003   1.1398634017424161        2.0716178490985475E-003
   7.7507616999999999E-003  0.88920069948104530       0.71256327243935469        1.4219789683673784E-003   1.1376388981331775        2.0695185672976934E-003
   7.9077379799999993E-003  0.89101686564326121       0.72334831267597566        1.4670313178538198E-003   1.1353364304032429        2.0721263693761010E-003
   8.0661959900000003E-003  0.89294767118914686       0.73402693932989227        1.5252134670637604E-003   1.1328683257322885        2.0700237904633777E-003
   8.2261608900000005E-003  0.89496767748908601       0.74457785008133592        1.5717568086575566E-003   1.1303278715878458        2.0726625064564669E-003
   8.3876587500000006E-003  0.89709404463917408       0.75500267897413564        1.6314182857438719E-003   1.1276355364153492        2.0705579003054064E-003
   8.5507156300000005E-003  0.89930627863469403       0.76528535935581476        1.6792944798182745E-003   1.1248782778426247        2.0732317792239640E-003
   8.7153585600000007E-003  0.90161575447056741       0.77542204624781841        1.7402544589885803E-003   1.1219838338087140        2.0711251470041858E-003
   8.8816145400000008E-003  0.90400603265568824       0.78540097286027755        1.7892754640026318E-003   1.1190340198225717        2.0738401190267424E-003
   9.0495105799999996E-003  0.90648393805367289       0.79521346097849177        1.8513205526345560E-003   1.1159620699596027        2.0717306956266218E-003
   9.2190746200000000E-003  0.90903552092033069       0.80485143538525772        1.9012723489041036E-003   1.1128466904840852        2.0744948194047408E-003
   9.3903355300000001E-003  0.91166509763084747       0.81430123771117524        1.9641840657568964E-003   1.1096239623531847        2.0723996379006953E-003
   9.5633221800000001E-003  0.91435901682773235       0.82355970464611328        2.0152755461529440E-003   1.1063720961912407        2.0752325212607314E-003
   9.7380643700000005E-003  0.91711709430183808       0.83261494325978036        2.0792296541685238E-003   1.1030320292320162        2.0731302805583412E-003
   9.9145919099999993E-003  0.91992835075575607       0.84146291987646582        2.1312283647430953E-003   1.0996787364548357        2.0760082835840792E-003
   1.0092935500000001E-002  0.92278941757490129       0.85009212792606370        2.1959350501665198E-003   1.0962563615845839        2.0738873963247711E-003
   1.0273126900000000E-002  0.92569088811702727       0.85849944043737081        2.2485154039961026E-003   1.0928379159011179        2.0768037390119548E-003
   1.0455197700000000E-002  0.92862704284078279       0.86667315928510846        2.3135882753852221E-003   1.0893695778239478        2.0746517170293949E-003
   1.0639180400000000E-002  0.93158946195881565       0.87461249493168758        2.3663181943946923E-003   1.0859230905130115        2.0775906463697618E-003
   1.0825108700000001E-002  0.93457041603244084       0.88230557467788562        2.4310213572274748E-003   1.0824461944318258        2.0753911183720880E-003
   1.1013016100000000E-002  0.93756514877865604       0.88974717214574595        2.4830337205076656E-003   1.0790064248132838        2.0783605737843230E-003
   1.1202937000000000E-002  0.94056268962260781       0.89692860138451835        2.5467875811341460E-003   1.0755543849857203        2.0761294959926418E-003
   1.1394905900000000E-002  0.94356008001044234       0.90384489120450562        2.5976300984452139E-003   1.0721555378808409        2.0791366261580751E-003
   1.1588958999999999E-002  0.94654416525633045       0.91048985407765337        2.6599636388651249E-003   1.0687620587056004        2.0768733419874413E-003
   1.1785132800000001E-002  0.94951328790304013       0.91685970210048251        2.7091835764867012E-003   1.0654380093866112        2.0799191695627145E-003
   1.1983464500000001E-002  0.95245297957596819       0.92295039092616493        2.7696320538214193E-003   1.0621361027624927        2.0776242484540908E-003
   1.2183991300000000E-002  0.95536253641551105       0.92875976746980959        2.8167870054238305E-003   1.0589194511616511        2.0807094145564031E-003
   1.2386751400000000E-002  0.95822694483119564       0.93428586925003154        2.8749048768847139E-003   1.0557404542542823        2.0783839312106338E-003
   1.2591784800000000E-002  0.96104630226481658       0.93952850104539665        2.9195748836840524E-003   1.0526615103794907        2.0815093011975721E-003
   1.2799130800000001E-002  0.96380572841763623       0.94448780594057336        2.9749514127703799E-003   1.0496340038816392        2.0791545862612814E-003
   1.3008830100000000E-002  0.96650600160664291       0.94916562184484732        3.0167524237545806E-003   1.0467198326868921        2.0823214808182722E-003
   1.3220924900000000E-002  0.96913300807183678       0.95356425240813103        3.0690250618645208E-003   1.0438687483141174        2.0799393010435224E-003
   1.3435456900000000E-002  0.97168813995156356       0.95768761162734051        3.1076238349689051E-003   1.0411423127046231        2.0831495101472247E-003
   1.3652470000000000E-002  0.97415859483342870       0.96154008938158453        3.1564915025185975E-003   1.0384881486583721        2.0807420800372394E-003
   1.3872007800000001E-002  0.97654630276960885       0.96512763310952565        3.1916191636684513E-003   1.0359676597888656        2.0839978492322758E-003
   1.4094115200000000E-002  0.97884026122992818       0.96845657686622477        3.2368538810537383E-003   1.0335259168391489        2.0815675762023938E-003
   1.4318837799999999E-002  0.98104282359208639       0.97153475491610164        3.2683175349355054E-003   1.0312243837108908        2.0848716344181095E-003
   1.4546223000000000E-002  0.98314521727418447       0.97437023042443982        3.3097737353062727E-003   1.0290052155087646        2.0824207460059690E-003
   1.4776318300000001E-002  0.98515005321471949       0.97697249378694440        3.3374649598892818E-003   1.0269302063118073        2.0857763206928131E-003
   1.5009172300000000E-002  0.98705111068739793       0.97935097566727602        3.3750846978516796E-003   1.0249383299677164        2.0833066037002318E-003
   1.5244834100000000E-002  0.98885102413883419       0.98151653698043928        3.3989822132167728E-003   1.0230920454527623        2.0867173096890601E-003
   1.5483355100000000E-002  0.99054641345366790       0.98347955205869586        3.4327959077135044E-003   1.0213268904985253        2.0842300619823761E-003
   1.5724785599999999E-002  0.99213959744320734       0.98525193349502382        3.4529638633086735E-003   1.0197064224105754        2.0876999001216900E-003
   1.5969179600000001E-002  0.99363030360604676       0.98684447400651376        3.4830862763687164E-003   1.0181624827670610        2.0851958700216344E-003
   1.6216590999999999E-002  0.99502004853166481       0.98826983896164899        3.4996670016353014E-003   1.0167602994859537        2.0887290249256762E-003
   1.6467073900000000E-002  0.99631202666691765       0.98953863986278168        3.5262893348186174E-003   1.0154276359534316        2.0862081982786496E-003
   1.6720684199999999E-002  0.99750614650131053       0.99066403340647491        3.5394895617997905E-003   1.0142322715522931        2.0898080095354704E-003
   1.6977479699999999E-002  0.99860986654505290       0.99165578629537876        3.5628674544924341E-003   1.0130970557060792        2.0872706421131864E-003
   1.7237518000000000E-002  0.99961997442591122       0.99252755718848928        3.5729488592909954E-003   1.0120938681318621        2.0909368890345559E-003
   1.7500858800000001E-002   1.0005500322492749       0.99328769172731535        3.5933625931196052E-003   1.0111387979816897        2.0883851659058467E-003
   1.7767561599999999E-002   1.0013906274181859       0.99394920760118455        3.6006130365277126E-003   1.0103108797830316        2.0921153202409426E-003
   1.8037688000000000E-002   1.0021650491518554       0.99452032397418044        3.6183624901475579E-003   1.0095158532151094        2.0895544030173829E-003
   1.8311301200000001E-002   1.0028545731777863       0.99501182905957941        3.6230436632742934E-003   1.0088429119604032        2.0933442638366401E-003
   1.8588466599999999E-002   1.0034948411080480       0.99543231027495971        3.6383959475585611E-003   1.0081849310809385        2.0907816468919232E-003
   1.8869249200000000E-002   1.0040562518987408       0.99578985943902310        3.6406750350066303E-003   1.0076426667785365        2.0946284390909492E-003
   1.9153716000000001E-002   1.0045735801955382       0.99609301908159686        3.6539111418302538E-003   1.0071095821859084        2.0920854688804718E-003
   1.9441936199999999E-002   1.0050173374180291       0.99634714866808261        3.6541369202612215E-003   1.0066866345856504        2.0959859117119267E-003
   1.9733980299999999E-002   1.0054270802842658       0.99656071333175833        3.6655912491900238E-003   1.0062623664842012        2.0934702025261170E-003
   2.0029919199999999E-002   1.0057681939713505       0.99673560587823018        3.6641380256969749E-003   1.0059430292560161        2.0974113880165412E-003
   2.0329825600000000E-002   1.0060868075430214       0.99688047782965017        3.6740113060598567E-003   1.0056107209555825        2.0949428352210714E-003
   2.0633773899999999E-002   1.0063397953931044       0.99699132795278211        3.6715100046627309E-003   1.0053801026735374        2.0989297887117580E-003
   2.0941840499999999E-002   1.0065768774025539       0.99707775373073415        3.6806044841005640E-003   1.0051297737073890        2.0964980361998630E-003
   2.1254103600000001E-002   1.0067594630617192       0.99714559475400066        3.6773549170905080E-003   1.0049699129031995        2.1005303406442561E-003
   2.1570641500000001E-002   1.0069327480974906       0.99719760816698577        3.6860995211535929E-003   1.0047836670296428        2.0981391224343077E-003
   2.1891536199999999E-002   1.0070579599415224       0.99724586480111166        3.6825146764665508E-003   1.0046814121180869        2.1022166569300720E-003
   2.2216869500000000E-002   1.0071912531496165       0.99729073766289489        3.6910715334192920E-003   1.0045352640394944        2.0998448965927380E-003
   2.2546725300000001E-002   1.0072893502931464       0.99733076324017722        3.6868117570331409E-003   1.0044602459746983        2.1039479577049580E-003
   2.2881191200000001E-002   1.0073918132453410       0.99736433410450187        3.6950132859058368E-003   1.0043450883379723        2.1016106544360924E-003
   2.3220354700000001E-002   1.0074647819359199       0.99739267216499528        3.6901737492598080E-003   1.0042952928424902        2.1057389647911279E-003
   2.3564305200000000E-002   1.0075428420326884       0.99741646033505471        3.6980586562775008E-003   1.0042046364734134        2.1034273955045884E-003
   2.3913135799999999E-002   1.0075965669305436       0.99743650735474609        3.6927500402440185E-003   1.0041741893953904        2.1075831848315790E-003
   2.4266939599999999E-002   1.0076549734311799       0.99745374989388758        3.7004210019255181E-003   1.0041032434768848        2.1052905585467701E-003
   2.4625813600000001E-002   1.0076948812297435       0.99746833579669147        3.6943947113216588E-003   1.0040867368683242        2.1094759023011977E-003
   2.4989854499999999E-002   1.0077400934121716       0.99748088583516614        3.7019451323799728E-003   1.0040291993398509        2.1072284163016685E-003
   2.5359163099999998E-002   1.0077706760776803       0.99749219333350936        3.6956321718828928E-003   1.0040221307801800        2.1114395595169971E-003
   2.5733841600000001E-002   1.0078054059664208       0.99750190084797852        3.7031535586468378E-003   1.0039752656733334        2.1092321789569529E-003
   2.6113996300000001E-002   1.0078300071089996       0.99751134982680634        3.6965935345191006E-003   1.0039742555566229        2.1134609133721277E-003
   2.6499733300000002E-002   1.0078569272980820       0.99751931237019631        3.7041174282311908E-003   1.0039354401739859        2.1113014177501620E-003
   2.6891162600000001E-002   1.0078781488978650       0.99752774882112216        3.6973768740499666E-003   1.0039378642868098        2.1155421903331800E-003
   2.7288395900000002E-002   1.0078993715594178       0.99753459287859025        3.7049485407544725E-003   1.0039049889854446        2.1134299113917399E-003
   2.7691546800000001E-002   1.0079188813909297       0.99754222170836482        3.6980620497606737E-003   1.0039091299651119        2.1176727308173343E-003
   2.8100732699999999E-002   1.0079357723539775       0.99754813122530039        3.7056997756325189E-003   1.0038808865925044        2.1156172819663693E-003
   2.8516072800000000E-002   1.0079546543886895       0.99755524227261549        3.6987037166134164E-003   1.0038855469911740        2.1198409934445172E-003
   2.8937688100000001E-002   1.0079684428200151       0.99756031280686508        3.7064377226949247E-003   1.0038608034909930        2.1178590897974075E-003
   2.9365703500000000E-002   1.0079873907946886       0.99756706730795297        3.6993447758796091E-003   1.0038652381620552        2.1220539507961688E-003
   2.9800247400000000E-002   1.0079989189431446       0.99757137175621591        3.7072150657999742E-003   1.0038431755808563        2.1201492453493914E-003
   3.0241450300000000E-002   1.0080179989912519       0.99757822343606439        3.7000153584833568E-003   1.0038472036577468        2.1242945578652966E-003
   3.0689446299999999E-002   1.0080282533616618       0.99758202475114799        3.7079587063599648E-003   1.0038269855998534        2.1224933877718260E-003
   3.1144371300000001E-002   1.0080470584527506       0.99758907081901871        3.7006677468256264E-003   1.0038308963642382        2.1265682614210867E-003
   3.1606364999999997E-002   1.0080569606304683       0.99759273526392234        3.7087145783024538E-003   1.0038117158424891        2.1248905923990885E-003
   3.2075568999999998E-002   1.0080750694726610       0.99759980762528955        3.7013070493435787E-003   1.0038159005204925        2.1288899383852177E-003
   3.2552130499999998E-002   1.0080852428370475       0.99760380364579637        3.7095359814899300E-003   1.0037972787955372        2.1273613488868664E-003
   3.3036198500000002E-002   1.0081023611762834       0.99761063724709709        3.7019783112754953E-003   1.0038019391681601        2.1312687551346726E-003
   3.3527925600000001E-002   1.0081128059848199       0.99761477314820557        3.7104469366187978E-003   1.0037838254468072        2.1298801559566888E-003
   3.4027468399999997E-002   1.0081286034025008       0.99762067113505815        3.7026846163748161E-003   1.0037892931262051        2.1336961053043868E-003
   3.4534987099999997E-002   1.0081401174051188       0.99762418465515745        3.7114309858471135E-003   1.0037710930861956        2.1324835056753060E-003
   3.5050645499999998E-002   1.0081534579667091       0.99762778357904669        3.7034006083329070E-003   1.0037784454113825        2.1361983524880090E-003
   3.5574607600000002E-002   1.0081663682278188       0.99763239573421580        3.7125283983067627E-003   1.0037598686909290        2.1351681055296694E-003
   3.6107044700000000E-002   1.0081767410496960       0.99763469976886399        3.7040661801673856E-003   1.0037695914672073        2.1387777661060641E-003
   3.6648131899999999E-002   1.0081903987678262       0.99764191635192589        3.7136550661529904E-003   1.0037514367010936        2.1379573627596554E-003
   3.7198048099999999E-002   1.0081985330096086       0.99764338661477658        3.7046820778952848E-003   1.0037627369285163        2.1414497966142287E-003
   3.7756975700000001E-002   1.0082127318459591       0.99765224725346857        3.7148148869559951E-003   1.0037453274404282        2.1408604743447922E-003
   3.8325104899999997E-002   1.0082194659398611       0.99765313181789450        3.7052507851092595E-003   1.0037574530616367        2.1442505819568858E-003
   3.8902625400000002E-002   1.0082348236667460       0.99766336810982725        3.7158997881548373E-003   1.0037401722709478        2.1438920708621856E-003
   3.9489734899999997E-002   1.0082406026972943       0.99766355423906772        3.7059042509358796E-003   1.0037528584149813        2.1472119513308535E-003
   4.0086634500000003E-002   1.0082558939732720       0.99767321792270058        3.7171435017832109E-003   1.0037368367476822        2.1470681515961543E-003
   4.0693528999999999E-002   1.0082611912618673       0.99767325740740631        3.7064066243215300E-003   1.0037495692639185        2.1503100776115330E-003
   4.1310630700000003E-002   1.0082770200063009       0.99768050000064157        3.7182070549634551E-003   1.0037343796381069        2.1504123534613461E-003
   4.1938155900000003E-002   1.0082819952537656       0.99768042156095182        3.7067832192343221E-003   1.0037471535148437        2.1536040493275576E-003
   4.2576324200000001E-002   1.0082997874619060       0.99768361364451719        3.7191714327593586E-003   1.0037311849706623        2.1539179419295873E-003
   4.3225362900000001E-002   1.0083039746198370       0.99768523563811262        3.7070255672042606E-003   1.0037445279800976        2.1570709045079517E-003
   4.3885502999999999E-002   1.0083240677455851       0.99768487324781041        3.7199757452422424E-003   1.0037274923068000        2.1576049912264538E-003
   4.4556979099999998E-002   1.0083282123427357       0.99768682077727699        3.7070480817257855E-003   1.0037406128250372        2.1607103188699722E-003
   4.5240033399999997E-002   1.0083496570303097       0.99768468172907776        3.7206489632333373E-003   1.0037233277784485        2.1614416640570815E-003
   4.5934915500000000E-002   1.0083537457794931       0.99768651757307591        3.7067608423025111E-003   1.0037360619858793        2.1644674781105227E-003
   4.6641878800000001E-002   1.0083760264872028       0.99768368761278858        3.7210499538521567E-003   1.0037189645594502        2.1653823557692725E-003
   4.7361183899999999E-002   1.0083798213979551       0.99768565571403578        3.7061178914372548E-003   1.0037314367696277        2.1683083823696519E-003
   4.8093099100000002E-002   1.0084025694770777       0.99768277655356430        3.7211866395200654E-003   1.0037145715378086        2.1693487429125646E-003
   4.8837896399999997E-002   1.0084057720746622       0.99768489146746453        3.7050993424901655E-003   1.0037270151529143        2.1721635120483529E-003
   4.9595855199999997E-002   1.0084288979345317       0.99768254348858698        3.7209759463785338E-003   1.0037105670365127        2.1733466003347390E-003
   5.0367262199999999E-002   1.0084315041040210       0.99768499092197149        3.7036482591697928E-003   1.0037229750378016        2.1760481109166035E-003
   5.1152411799999999E-002   1.0084545866931658       0.99768283738458707        3.7203221326731458E-003   1.0037073761665674        2.1773762844531524E-003
   5.1951605800000002E-002   1.0084563313333306       0.99768521465098736        3.7017330062995945E-003   1.0037199660466987        2.1799561866908679E-003
   5.2765149599999998E-002   1.0084798168694076       0.99768229123344554        3.7192465938712246E-003   1.0037050687539997        2.1814828442731637E-003
   5.3593359899999998E-002   1.0084805719567009       0.99768404377738229        3.6994358943978297E-003   1.0037182955014217        2.1840001304783223E-003
   5.4436560699999997E-002   1.0085053922932987       0.99768005326660381        3.7178852979032240E-003   1.0037036563746660        2.1858124497055125E-003
   5.5295083699999997E-002   1.0085050576963159       0.99768134950541298        3.6970074090940087E-003   1.0037178089748249        2.1883012233884862E-003
   5.6169267699999997E-002   1.0085317834218717       0.99767644253248833        3.7165457407414676E-003   1.0037033618606332        2.1904895649701201E-003
   5.7059459399999998E-002   1.0085305646692788       0.99767801128809008        3.6947849518628949E-003   1.0037182347293159        2.1929496500729712E-003
   5.7966016199999998E-002   1.0085594116382173       0.99767309741626631        3.7156969552763230E-003   1.0037045699698304        2.1956590263146258E-003
   5.8889303400000002E-002   1.0085569809144719       0.99767553711836721        3.6932411055777374E-003   1.0037201642818130        2.1980318876862631E-003
   5.9829697000000001E-002   1.0085882000272812       0.99767136425933112        3.7158389351412435E-003   1.0037076978811528        2.2013822070496691E-003
   6.0787580899999999E-002   1.0085843444682769       0.99767501740843334        3.6925996833346323E-003   1.0037234479927986        2.2035278252241896E-003
   6.1763349900000000E-002   1.0086188025981524       0.99767139222655765        3.7171658064043536E-003   1.0037122066682225        2.2076792933663808E-003
   6.2757402700000006E-002   1.0086128232480085       0.99767461739501884        3.6929189872169713E-003   1.0037276306500613        2.2093855932129552E-003
   6.3770152600000005E-002   1.0086515686278095       0.99767036734902370        3.7197588342060186E-003   1.0037166504757804        2.2143524929012031E-003
   6.4802028200000000E-002   1.0086431354275860       0.99767237903725370        3.6944079622714867E-003   1.0037312533841083        2.2154711678585137E-003
   6.5853461599999996E-002   1.0086865681051913       0.99766719678052251        3.7238283973263335E-003   1.0037191566861450        2.2210770534257717E-003
   6.6924899800000007E-002   1.0086765441321448       0.99767081295731530        3.6976257247193643E-003   1.0037312230666882        2.2214538072210760E-003
   6.8016797300000001E-002   1.0087231297788530       0.99766640992914801        3.7299578307610467E-003   1.0037183765107669        2.2274896733017907E-003
   6.9129623500000001E-002   1.0087122982073193       0.99767116171753845        3.7036412708775987E-003   1.0037259254545376        2.2269080420562830E-003
   7.0263862600000004E-002   1.0087625422624360       0.99766618870548263        3.7392009743324518E-003   1.0037113095706376        2.2332807750063172E-003
   7.1420006499999994E-002   1.0087468302981124       0.99766892099895543        3.7132740773801760E-003   1.0037173455707247        2.2315519392328092E-003
   7.2598561600000000E-002   1.0087984572098634       0.99766433869559878        3.7521379666770622E-003   1.0037039693475969        2.2383956737985294E-003
   7.3800042299999993E-002   1.0087735372095390       0.99766783647193447        3.7264678931523878E-003   1.0037128726709141        2.2355330191046029E-003
   7.5024984800000000E-002   1.0088224017320548       0.99766800844794878        3.7683983515258432E-003   1.0037048377425792        2.2428437574198434E-003
   7.6273933099999996E-002   1.0087846721398963       0.99767560926312504        3.7431214383413553E-003   1.0037212722120195        2.2390418764717257E-003
   7.7547445899999998E-002   1.0088303540034700       0.99767552825498174        3.7874016634714775E-003   1.0037191161480801        2.2468412970924217E-003
   7.8846097000000004E-002   1.0087842052545322       0.99768201512978516        3.7633200761975102E-003   1.0037398083354006        2.2422972917792083E-003
   8.0170474899999997E-002   1.0088320213596358       0.99767546432129950        3.8090787706697000E-003   1.0037383111524631        2.2505980992940100E-003
   8.1521183299999994E-002   1.0087916398993355       0.99767473534347417        3.7861588015550255E-003   1.0037527865844933        2.2459677914461939E-003
   8.2898840299999998E-002   1.0088455172056534       0.99766387606422846        3.8320285560835736E-003   1.0037465405263790        2.2544996108428816E-003
   8.4304086900000005E-002   1.0088142842601835       0.99765986945306617        3.8111215275452694E-003   1.0037573445703276        2.2508477024316925E-003
   8.5737571100000007E-002   1.0088700263661017       0.99766264505725200        3.8554939071403266E-003   1.0037494200179045        2.2594113997183112E-003
   8.7199963599999999E-002   1.0088509617233414       0.99765339267589270        3.8378881850707602E-003   1.0037585395408573        2.2576371346090334E-003
   8.8691957299999999E-002   1.0089041994167423       0.99764409705523649        3.8798556397832478E-003   1.0037477028478714        2.2652272425224829E-003
   9.0214252499999995E-002   1.0088943468968186       0.99765280337975670        3.8673876236088650E-003   1.0037651342702429        2.2666017102453734E-003
   9.1767579299999999E-002   1.0089387421378531       0.99765146585277009        3.9040399183568782E-003   1.0037540023709175        2.2725536728480339E-003
   9.3352675400000001E-002   1.0089421418763056       0.99764749254943375        3.8985931555124919E-003   1.0037786151618213        2.2775974912499814E-003
   9.4970308200000006E-002   1.0089784120622363       0.99764681970040536        3.9282924096487697E-003   1.0037584310828014        2.2804621228582939E-003
   9.6621260000000000E-002   1.0089950149350593       0.99764889627078646        3.9325390653116429E-003   1.0037874284425281        2.2886627416059718E-003
   9.8306335499999994E-002   1.0090123808168179       0.99764680607305367        3.9549538315124611E-003   1.0037521565632461        2.2854202221243253E-003
  0.10002636199999999        1.0090418387305953       0.99764146124102782        3.9681443120157299E-003   1.0037928160671479        2.2980265765994751E-003
  0.10178218000000000        1.0090204843946193       0.99764464161421462        3.9823672714972055E-003   1.0037611709206711        2.2884969462296156E-003
  0.10357466300000000        1.0090707823726408       0.99764112533038463        4.0048298900482761E-003   1.0038111079245824        2.3065107192510315E-003
  0.10540470500000000        1.0090197365119424       0.99764489886014995        4.0134638565670240E-003   1.0037761121113895        2.2910550285028847E-003
  0.10727322100000000        1.0091000999368220       0.99763193477180756        4.0405849843341904E-003   1.0038234156200654        2.3139837537732222E-003
  0.10918115800000000        1.0090475179799308       0.99764122213061412        4.0418515322533082E-003   1.0037718091652985        2.2952594029409285E-003
  0.11112948500000000        1.0091522862934121       0.99762130035294105        4.0700427909698324E-003   1.0038227538640270        2.3232191241485760E-003
  0.11311919199999999        1.0090899059025014       0.99762867975279523        4.0615846507901761E-003   1.0037744135328288        2.3033265177108530E-003
  0.11515130100000000        1.0092112402749889       0.99762014493985318        4.0903404465806939E-003   1.0038292659599755        2.3349604506783012E-003
  0.11722686100000000        1.0091439480517623       0.99763683017896265        4.0710016488509819E-003   1.0037971256972169        2.3171061551965516E-003
  0.11934695400000001        1.0092836005656203       0.99762068517961755        4.0998990850590342E-003   1.0038376437506282        2.3494413335611469E-003
  0.12151268100000000        1.0092120562594757       0.99763181982810145        4.0764409747070336E-003   1.0038322390361154        2.3356425173556455E-003
  0.12372518300000000        1.0093399228073563       0.99758882363845081        4.1063767515040961E-003   1.0038678426125405        2.3649804948801456E-003
  0.12598562199999999        1.0092939411133379       0.99758681969554130        4.0828161691941114E-003   1.0038497258995378        2.3534725247658017E-003
  0.12829519800000000        1.0093805434668608       0.99756689651250618        4.1184489177409573E-003   1.0038995365668311        2.3779749653495591E-003
  0.13065515500000000        1.0093786074784676       0.99756987303183586        4.0973924980094922E-003   1.0038502705192605        2.3687478881453949E-003
  0.13306675900000001        1.0094531037250722       0.99755121812231295        4.1347709046651859E-003   1.0038770313716079        2.3869259064966480E-003
  0.13553130599999999        1.0094506820182447       0.99754067775693767        4.1205094694824473E-003   1.0038496328066295        2.3815529429315513E-003
  0.13805013899999999        1.0094879565201889       0.99752411862070478        4.1546428105724252E-003   1.0038814989547336        2.3939791014710682E-003
  0.14062462700000000        1.0094875919930844       0.99756577305109639        4.1469447964258598E-003   1.0038747749985810        2.3927016564137538E-003
  0.14325618700000001        1.0094875369483265       0.99759019282633388        4.1784486028151879E-003   1.0039306090449185        2.4027567485335982E-003
  0.14594627900000001        1.0094950143002661       0.99761785973305483        4.1788851162940319E-003   1.0039101085432383        2.4004016750067692E-003
  0.14869639300000001        1.0095376184322440       0.99754094844371810        4.2136232950365565E-003   1.0039330118058105        2.4121681792763877E-003
  0.15150806300000000        1.0095327743805877       0.99751761092395130        4.2124598854959118E-003   1.0039106084715279        2.4072610357795637E-003
  0.15438287000000001        1.0095880880698600       0.99758476570498200        4.2412762940910297E-003   1.0039430154518321        2.4230195537687715E-003
  0.15732243700000001        1.0096079779409919       0.99753348383797080        4.2463395464048415E-003   1.0039083255661421        2.4203311808856536E-003
  0.16032843299999999        1.0096820722004667       0.99749350347208443        4.2626789185613752E-003   1.0039339185899390        2.4382284418257376E-003
  0.16340257200000000        1.0096921137110131       0.99749431062496308        4.2869917322917155E-003   1.0039464356806462        2.4422854812552229E-003
  0.16654662800000000        1.0097536556978743       0.99745255987592218        4.2893889821044306E-003   1.0039730182795017        2.4581116838849420E-003
  0.16976241800000000        1.0097592746336899       0.99757754371319785        4.3341567111776190E-003   1.0039888880321048        2.4619805927826787E-003
  0.17305180400000000        1.0098834691759033       0.99741822924803802        4.3324524523219105E-003   1.0039851365452117        2.4835701241645346E-003
  0.17641671000000000        1.0098742503815106       0.99742122777109021        4.3825215713222130E-003   1.0040125426957252        2.4868596300856821E-003
  0.17985910199999999        1.0099433088385732       0.99751225306488511        4.3665005388834437E-003   1.0041181554095433        2.5182879177140793E-003
  0.18338102100000001        1.0099884241163111       0.99748062857097930        4.4008616990961601E-003   1.0041240923532073        2.5274481523280506E-003
  0.18698455400000000        1.0101839882348251       0.99739287939501242        4.3762502619150946E-003   1.0041315455365567        2.5638588183067384E-003
  0.19067184600000001        1.0102054273610783       0.99735929068514262        4.4029593156687538E-003   1.0041830407220975        2.5769924645381386E-003
  0.19444510300000001        1.0103358014163932       0.99746092664888208        4.3758658037309833E-003   1.0042402180829124        2.6106867056022959E-003
  0.19830660500000000        1.0104334335698788       0.99744089874811614        4.4113020096285364E-003   1.0042235007201250        2.6251785543213568E-003
  0.20225869099999999        1.0105129330727181       0.99733907013023793        4.3977835447519377E-003   1.0042455009267204        2.6434047618823747E-003
  0.20630377499999999        1.0104978156960900       0.99727352871099384        4.4807836029683171E-003   1.0042737710448502        2.6457950003028990E-003
  0.21044433100000001        1.0106641374942424       0.99726754682347030        4.4651979893117390E-003   1.0041990025260106        2.6621283500944631E-003
  0.21468290700000001        1.0105562867768874       0.99742171561711157        4.5689525250256777E-003   1.0042941571681503        2.6599596963517280E-003
  0.21902212500000001        1.0105828750637120       0.99735516841269589        4.6019806012514968E-003   1.0043562486671385        2.6759331011145093E-003
  0.22346468300000000        1.0106241945515517       0.99716738144547235        4.6654605666018815E-003   1.0042773159669169        2.6690988491892159E-003
  0.22801336600000000        1.0107383821155362       0.99709033148718529        4.7029883973043396E-003   1.0042720891165029        2.6886333138221152E-003
  0.23267103700000000        1.0105910890740057       0.99731568616652511        4.7661031686174471E-003   1.0042695011350884        2.6617515849852724E-003
  0.23744064600000001        1.0106212884746728       0.99744443963006024        4.8488092991103475E-003   1.0044477850320468        2.6993419133246920E-003
  0.24232521700000001        1.0106353672908330       0.99714661348728406        4.8772314454252801E-003   1.0043126259531852        2.6774749294675559E-003
  0.24732787900000000        1.0108249893437535       0.99718483649092815        4.9215591592737485E-003   1.0043999116196105        2.7272374928142512E-003
  0.25245183700000001        1.0108864187205453       0.99733605662395985        5.0017627478814173E-003   1.0045444914756825        2.7643541845185598E-003
  0.25770041300000002        1.0110105021687203       0.99731173622104941        5.0403900054480210E-003   1.0044922238689078        2.7771763711212771E-003
  0.26307699099999998        1.0114449849575362       0.99715903710352272        5.1133465705532656E-003   1.0046387574814792        2.8815773122522642E-003
  0.26858508599999997        1.0114192900394978       0.99696607272972793        5.0294173590540161E-003   1.0045145861949010        2.8545410006368998E-003
  0.27422830500000001        1.0120402167003484       0.99705315952603624        5.1590427700170501E-003   1.0048246419075759        3.0219550610701856E-003
  0.28001037200000001        1.0119563306117296       0.99702246829793040        4.9617164381378287E-003   1.0049363640810773        3.0270920524607435E-003
  0.28593513399999998        1.0126617659702497       0.99707416574505803        5.1327620790435676E-003   1.0050079024514771        3.1666209483159429E-003
  0.29200652199999999        1.0126077513886327       0.99687288110483618        4.8960502003466966E-003   1.0051950380087931        3.1907655616241126E-003
  0.29822862100000003        1.0129573972907782       0.99681582986047557        5.0357476160997226E-003   1.0051660784548926        3.2482883351153680E-003
  0.30460560300000000        1.0132137284571527       0.99664759854517282        5.0757266255314331E-003   1.0052537714407426        3.3101646084087882E-003
  0.31114178900000000        1.0129136988672425       0.99677184193385238        5.1735154864559849E-003   1.0051990577132097        3.2464099368132281E-003
  0.31784161900000002        1.0131212875093105       0.99687562194804225        5.5477385965648999E-003   1.0051691675995955        3.2782645077078908E-003
  0.32470965400000001        1.0129297621510172       0.99669136495457333        5.7077477501334267E-003   1.0051753218310535        3.2449999397145073E-003
  0.33175063100000002        1.0131333696439895       0.99659956168463470        5.9232979136632858E-003   1.0052610900923484        3.2970634959376770E-003
  0.33896940900000000        1.0133218868112497       0.99666162785327506        5.9426169451694275E-003   1.0053516365713573        3.3472887998688338E-003
  0.34637099500000001        1.0137182545543497       0.99650491396355434        6.0890846660760726E-003   1.0055901690930094        3.4616269660676341E-003
  0.35396054399999999        1.0139555344648665       0.99643762136654845        6.0039617045453738E-003   1.0056166907718402        3.5090373497056620E-003
  0.36174336099999999        1.0142742537980010       0.99668518604251966        6.3194287451538130E-003   1.0060368321248161        3.6423673565540359E-003
  0.36972492899999998        1.0143452413820380       0.99638170517020286        6.2522199269688548E-003   1.0058161714347449        3.6151512857024453E-003
  0.37791091199999999        1.0150528644325865       0.99633419525709743        6.6460767346618712E-003   1.0061315434205413        3.7994116330356781E-003
  0.38630712000000000        1.0155957316485793       0.99615794897894616        6.7945705755562379E-003   1.0062277844555401        3.9144005284380556E-003
  0.39491957400000000        1.0169182229695588       0.99572549090572771        7.0125031802454356E-003   1.0060831321689676        4.1257626651632672E-003
  0.40375444300000002        1.0165808257198004       0.99562026097905054        7.1450637306094264E-003   1.0065457969675857        4.1491352510897705E-003
  0.41281810400000002        1.0170488320294679       0.99573524478949171        6.8860788487281341E-003   1.0067893885725072        4.2774949548804852E-003
  0.42211714400000000        1.0171447301216381       0.99562990851168098        7.3725024343252038E-003   1.0070766203372690        4.3469066437076430E-003
  0.43165832799999998        1.0176952577461302       0.99561975327299101        7.2481402810255563E-003   1.0073791330761686        4.5008868721472493E-003
  0.44144865900000002        1.0186802414281984       0.99517736847124172        8.0828852729371570E-003   1.0075290719172030        4.7053496833115993E-003
  0.45149534899999999        1.0214863884284229       0.99461610663113242        9.0228522382829746E-003   1.0085314831502288        5.3930682749085889E-003
  0.46180581999999998        1.0234960425704513       0.99420890991621991        1.0087157067919249E-002   1.0093805325428105        5.9101750902180814E-003
  0.47238776100000002        1.0265960583445477       0.99365513869273225        1.1141438464175172E-002   1.0105331880365944        6.6802477972709761E-003
  0.48324906800000000        1.0280933411051723       0.99321054417976051        1.1830706312718211E-002   1.0111962956398226        7.0721746602711976E-003
  0.49439790800000000        1.0285920171828167       0.99299548369142498        1.2637686522474049E-002   1.0113125652698416        7.1835770559348731E-003
  0.50584268600000004        1.0301873977840241       0.99255720305596828        1.3370355623258294E-002   1.0120042363378452        7.5989304963023606E-003
  0.51759207200000001        1.0289826797915880       0.99305978364948699        1.3018870689269964E-002   1.0107019446532701        7.1419277642662780E-003
  0.52965503899999999        1.0306000524789940       0.99195933968640648        1.2082112874355681E-002   1.0118607866651181        7.6471035425905252E-003
  0.54204082499999995        1.0268778696824867       0.99452533158942957        1.2870137500651033E-002   1.0112156639904970        6.8562476478790744E-003
  0.55475890600000000        1.0227229994444147       0.99441456026900699        9.4144367308411168E-003   1.0090807147197323        5.7160812927996895E-003
  0.56781911799999996        1.0168558591840346       0.99547004193763955        6.8718162997826928E-003   1.0067812406641514        4.2413220510560878E-003
  0.58123165399999999        1.0119085018083649       0.99653022715008199        4.8799662629554633E-003   1.0048140352825590        2.9964044712128229E-003
  0.59500694300000001        1.0084706593007535       0.99735914767822431        3.1920331779545833E-003   1.0034513945822146        2.1341588340332922E-003
  0.60915577399999998        1.0055960217121926       0.99811817174220274        2.1910508405897527E-003   1.0022891445804141        1.4103529277466134E-003
  0.62368929399999995        1.0038804885341981       0.99864859738411493        1.3728992447492412E-003   1.0015983386815894        9.7946956262770913E-004
  0.63861900599999999        1.0024867619017361       0.99909982849318391        9.0903843130951017E-004   1.0010286822552046        6.2821468656822294E-004
  0.65395683100000002        1.0016656685787322       0.99937591227165967        5.5286180588792234E-004   1.0006934878682785        4.2148420856476444E-004
  0.66971498699999998        1.0010388780012884       0.99959721584891248        3.5206792214941967E-004   1.0004344658506885        2.6317771589135750E-004
  0.68590617200000004        1.0006749343905887       0.99972962232908646        2.1006422651416535E-004   1.0002839989850527        1.7127233148633055E-004
  0.70254343699999999        1.0004122128072288       0.99983020978037185        1.2981265497391485E-004   1.0001741739301746        1.0472473823717823E-004
  0.71964025499999995        1.0002614537894472       0.99988925312257482        7.5821239187870971E-005   1.0001110985210266        6.6532385286287106E-005
  0.73721057199999995        1.0001562602495888       0.99993230089895158        4.5830768584748796E-005   1.0000666387717514        3.9805256130596796E-005
  0.75526875299999996        1.0000970729299281       0.99995699799880056        2.6195766049696986E-005   1.0000416016594253        2.4764040669359287E-005
  0.77382963900000001        1.0000567364507702       0.99997441753702010        1.5595746715387842E-005   1.0000243858748714        1.4486376644560841E-005
  0.79290854899999996        1.0000345636115309       0.99998415707766886        8.7564142063515117E-006   1.0000149152775089        8.8356079581369034E-006
  0.81252133800000004        1.0000197508906727       0.99999082929152794        5.1565569033748976E-006   1.0000085412754764        5.0522026512345164E-006
  0.83268433799999997        1.0000117962077453       0.99999446132570025        2.8531255287718237E-006   1.0000051167339237        3.0201789334121417E-006
  0.85341441600000001        1.0000065854699629       0.99999688166232337        1.6567761248502603E-006   1.0000028603862459        1.6867634010177468E-006
  0.87472903700000004        1.0000038453524893       0.99999816550292520        8.9950008284374371E-007   1.0000016739909092        9.8559818493112629E-007
  0.89664620200000000        1.0000020925896298       0.99999899620985699        5.1346088181846243E-007   1.0000009116463506        5.3647105147103247E-007
  0.91918456599999998        1.0000011880414752       0.99999942729325020        2.7197776725642576E-007   1.0000005184795762        3.0473601201976207E-007
  0.94236332199999995        1.0000006326638451       0.99999969395454191        1.5369619653423882E-007   1.0000002761605089        1.6229009441870446E-007
  0.96620231899999998        1.0000003352474285       0.99999983724054864        7.7635296894886228E-008   1.0000001466910775        8.6060456261360940E-008
  0.99072212000000004        1.0000001878109623       0.99999990858648935        5.0023608323264777E-008   1.0000000821007380        4.8198520650823343E-008
   1.0159438800000000        1.0000000381984953       0.99999998197493956        2.0599030481349700E-008   1.0000000164792242        9.7638785945264317E-009
