   0.0000000000000000        1.0137364858697404        0.0000000000000000        0.0000000000000000        1.0000000000000000        2.4529439053107846E-003
   9.9999997500000001E-005   1.0059600590089874        1.3188634136385146E-002   8.3593051344439528E-006   1.0077248869685440        2.4519619213753119E-003
   2.0049999900000000E-004  0.99872908290226192        2.6290700580688119E-002   2.4955716825345865E-006   1.0150219332056831        2.4521293707487268E-003
   3.0150957199999998E-004  0.99157839525343827        3.9464888478311824E-002   1.3239174805258777E-005   1.0223414777676700        2.4520932010526791E-003
   4.0303840100000001E-004  0.98491644986913607        5.2557521751530646E-002   9.6927955329707481E-006   1.0292587667818187        2.4524804598989396E-003
   5.0509627899999999E-004  0.97833543110104182        6.5729256553314921E-002   2.2778530227543730E-005   1.0361808831620880        2.4522269691142273E-003
   6.0769315999999998E-004  0.97219846344188265        7.8823948879660821E-002   2.1528904296955644E-005   1.0427252087433727        2.4528295950755818E-003
   7.1083911499999998E-004  0.96614463598177958        9.2003353117495967E-002   3.6948727921306212E-005   1.0492562038617865        2.4523666306552894E-003
   8.1454432800000004E-004  0.96049523125834613       0.10510987254194304        3.7975490819272589E-005   1.0554323910073007        2.4531747282333094E-003
   9.1881916199999998E-004  0.95493248890340143       0.11830537816560571        5.5714099283393683E-005   1.0615766829868793        2.4525114368710381E-003
   1.0236740299999999E-003  0.94973888620646263       0.13143188132147693        5.9008533093224215E-005   1.0673877897733512        2.4535161803072264E-003
   1.1291195400000001E-003  0.94463646919150912       0.14465033807191455        7.9060564404677161E-005   1.0731481770577869        2.4526615884236185E-003
   1.2351664499999999E-003  0.93987168238910712       0.15780346520292690        8.4623732410541808E-005   1.0785957305660798        2.4538542687231406E-003
   1.3418257000000001E-003  0.93520335324540382       0.17105025064355298        1.0699292270382073E-004   1.0839736346940514        2.4528174991937856E-003
   1.4491083600000000E-003  0.93084446028985823       0.18423521215000213        1.1483551715603967E-004   1.0890578426839028        2.4541892495597811E-003
   1.5570255900000001E-003  0.92658784842829245       0.19751426286773235        1.3953426922550406E-004   1.0940535083440770        2.4529797074934350E-003
   1.6655887000000000E-003  0.92261543278334301       0.21073481944065767        1.4967633855002323E-004   1.0987734255795816        2.4545213521324854E-003
   1.7748092100000001E-003  0.91875148903397408       0.22404863059971603        1.7672526257964406E-004   1.1033861116093453        2.4531487536594287E-003
   1.8846988700000000E-003  0.91514914541929271       0.23730713287734018        1.8919535079785238E-004   1.1077398371648763        2.4548509514898164E-003
   1.9952694400000000E-003  0.91166166957582051       0.25065679616827513        2.1862333864472016E-004   1.1119680208772391        2.4533254335472520E-003
   2.1065329200000002E-003  0.90841561076221722       0.26395411715057204        2.3345763777859311E-004   1.1159528609882845        2.4551785350921634E-003
   2.2185016399999999E-003  0.90529086792761104       0.27733926181889917        2.6530060871332985E-004   1.1197944170370600        2.4535106607095113E-003
   2.3311879499999999E-003  0.90238956853556473       0.29067479901966659        2.8254218780783086E-004   1.1234070758137362        2.4555047202424823E-003
   2.4446041800000001E-003  0.89961594997763228       0.30409352786223809        3.1684204537611759E-004   1.1268594685260567        2.4537055838139937E-003
   2.5587631399999998E-003  0.89704987716802487       0.31746500212040402        3.3653961301372595E-004   1.1300961909190212        2.4558302235644369E-003
   2.6736778700000002E-003  0.89461758900965616       0.33091385614930019        3.7334306393952348E-004   1.1331566885588373        2.4539115515487264E-003
   2.7893613999999999E-003  0.89237891034971284       0.34431734968570793        3.9554997753342072E-004   1.1360134819202736        2.4561559176066094E-003
   2.9058270200000001E-003  0.89027970610324281       0.35779118612002786        4.3490701493493480E-004   1.1386793631275631        2.4541301341133148E-003
   3.0230882100000002E-003  0.88836207816563217       0.37122089571759725        4.5967955514177023E-004   1.1411521593777636        2.4564828228622925E-003
   3.1411587299999999E-003  0.88658899533383240       0.38471280710708516        5.0164175021569148E-004   1.1434209527676049        2.4543631710507601E-003
   3.2600522999999999E-003  0.88498733617422121       0.39816093400333308        5.2903765921540242E-004   1.1455058241947844        2.4568121296782352E-003
   3.3797831299999998E-003  0.88353444650314239       0.41166210405310871        5.7365548087566129E-004   1.1473755603145874        2.4546126096039061E-003
   3.5003656500000001E-003  0.88224473320614272       0.42511867873703973        6.0372896368867616E-004   1.1490689324386989        2.4571453097941131E-003
   3.6218143100000002E-003  0.88110691299702570       0.43861830617267594        6.5105260427852538E-004   1.1505383918001690        2.4548804792159534E-003
   3.7441439900000001E-003  0.88012598927374008       0.45207104453072289        6.8384557598636677E-004   1.1518372579721727        2.4574832419840425E-003
   3.8673696100000000E-003  0.87929894447337820       0.46555638839820679        7.3390508958862328E-004   1.1529059470536163        2.4551754145223691E-003
   3.9915065300000002E-003  0.87862471058905789       0.47899055355636438        7.6956616157257006E-004   1.1538077526538044        2.4578576340821600E-003
   4.1165701100000004E-003  0.87810346138415263       0.49244754422724812        8.2279521879777425E-004   1.1544777559923309        2.4555202906919359E-003
   4.2425761899999997E-003  0.87773016227038159       0.50584937577447409        8.6144008765880740E-004   1.1549861528107146        2.4582470226057673E-003
   4.3695406100000000E-003  0.87750907543081647       0.51926237872713754        9.1776632816695897E-004   1.1552616926143764        2.4558249583359853E-003
   4.4974796500000004E-003  0.87743198757288987       0.53261527036217204        9.5855353333191152E-004   1.1553806388228245        2.4585589867046464E-003
   4.6264100799999998E-003  0.87751472381725071       0.54595750302964585        1.0170704723000896E-003   1.1552561879495360        2.4561276261976716E-003
   4.7563486699999996E-003  0.87773795617598749       0.55923319869755095        1.0607153005946235E-003   1.1549804468489544        2.4589601500767709E-003
   4.8873121899999997E-003  0.87811978524486745       0.57248218827699660        1.1220297966596034E-003   1.1544625814490201        2.4565060884373146E-003
   5.0193178499999998E-003  0.87864026482675261       0.58565540532327565        1.1684288487945475E-003   1.1537970618997166        2.4593850042671705E-003
   5.1523833500000003E-003  0.87931689999012019       0.59878489711415173        1.2325906043542947E-003   1.1528935344890625        2.4569229938527031E-003
   5.2865268699999997E-003  0.88013019326013942       0.61182815260226298        1.2816987758820597E-003   1.1518467647661801        2.4598420856650604E-003
   5.4217665500000001E-003  0.88109644860059710       0.62480905961833111        1.3486538819288201E-003   1.1505679232412931        2.4573769717263693E-003
   5.5581205500000001E-003  0.88219701963885577       0.63769169091445421        1.4004031651881404E-003   1.1491513350870171        2.4603362371033210E-003
   5.6956079799999997E-003  0.88344639459027441       0.65049195451858854        1.4700636885338167E-003   1.1475105804887806        2.4578723369653960E-003
   5.8342479199999997E-003  0.88482720719333541       0.66318029863286587        1.5243509884673445E-003   1.1457388232169121        2.4608719857141131E-003
   5.9740599200000001E-003  0.88635154069272803       0.67576511885735180        1.5965885654502688E-003   1.1437528665066075        2.4584134642599170E-003
   6.1150635599999999E-003  0.88800366359789351       0.68822257460644520        1.6532709295935741E-003   1.1416441002378352        2.4614542028783153E-003
   6.2572788399999999E-003  0.88979276434181986       0.70055442956530967        1.7279108769371707E-003   1.1393331881242061        2.4590048156100269E-003
   6.4007262699999996E-003  0.89170495865330512       0.71274166509025894        1.7868015856469235E-003   1.1369093372051653        2.4620881294800828E-003
   6.5454267900000003E-003  0.89374625340137115       0.72478069002785706        1.8636187017152829E-003   1.1342973927957067        2.4596509025189999E-003
   6.6914013599999999E-003  0.89590457864074458       0.73665603992918816        1.9244838085199843E-003   1.1315843096043690        2.4627793022464445E-003
   6.8386718600000002E-003  0.89818273490309519       0.74836032397218810        2.0031980335187024E-003   1.1286990457685886        2.4603563948115614E-003
   6.9872601899999996E-003  0.90057022031790002       0.75988031798470923        2.0657510489471864E-003   1.1257265286191045        2.4635335528949303E-003
   7.1371886899999999E-003  0.90306676216330106       0.77120635282256123        2.1460285364670994E-003   1.1225995145057599        2.4611265662161097E-003
   7.2884797100000003E-003  0.90566318557098635       0.78232640103850271        2.2099262824646134E-003   1.1194011418161152        2.4643578623182688E-003
   7.4411565400000004E-003  0.90835619999631290       0.79322965478269547        2.2913754757264825E-003   1.1160677276994067        2.4619714413487031E-003
   7.5952424700000002E-003  0.91113786579034173       0.80390484476422419        2.3562175793375079E-003   1.1126806673698302        2.4652658167000274E-003
   7.7507616999999999E-003  0.91400186267328765       0.81434078136842825        2.4383914089984695E-003   1.1091796362413306        2.4629024221171319E-003
   7.9077379799999993E-003  0.91694145334633970       0.82452678318248052        2.5037230039806676E-003   1.1056442927032559        2.4662651134659585E-003
   8.0661959900000003E-003  0.91994734352738339       0.83445183220245622        2.5861197975343407E-003   1.1020174122230193        2.4639269456228474E-003
   8.2261608900000005E-003  0.92301399418343011       0.84410597252472364        2.6514345582780824E-003   1.0983768840862400        2.4673633748554884E-003
   8.3876587500000006E-003  0.92612930340016064       0.85347890022063866        2.7335045308151673E-003   1.0946681964132203        2.4650525354439189E-003
   8.5507156300000005E-003  0.92928891323805518       0.86256154759667014        2.7982528821490593E-003   1.0909674767918398        2.4685680153485601E-003
   8.7153585600000007E-003  0.93247816230829528       0.87134474195762313        2.8794068950242615E-003   1.0872224639090700        2.4662866368261554E-003
   8.8816145400000008E-003  0.93569386880220384       0.87982057620321696        2.9430054224694087E-003   1.0835075415654016        2.4698863292313016E-003
   9.0495105799999996E-003  0.93891917046194440       0.88798138605596733        3.0226277513656211E-003   1.0797721427171592        2.4676365228413055E-003
   9.2190746200000000E-003  0.94215205328789053       0.89582074097141329        3.0844725097330470E-003   1.0760889593507317        2.4713254594144990E-003
   9.3903355300000001E-003  0.94537399415479251       0.90333296704552557        3.1619378494152058E-003   1.0724084005260632        2.4691094590137408E-003
   9.5633221800000001E-003  0.94858411964745548       0.91051343562154630        3.2214232286037628E-003   1.0688015721316706        2.4728925675602097E-003
   9.7380643700000005E-003  0.95176285141127170       0.91735875986451854        3.2961169537631058E-003   1.0652191242571027        2.4707126929924910E-003
   9.9145919099999993E-003  0.95491039185206217       0.92386647014697176        3.3526550856043044E-003   1.0617307552147053        2.4745949113321496E-003
   1.0092935500000001E-002  0.95800682645978663       0.93003575042001618        3.4239967954038668E-003   1.0582865505407273        2.4724535301065553E-003
   1.0273126900000000E-002  0.96105338319109046       0.93586656148975034        3.4770389213121138E-003   1.0549549896165420        2.4764396223748790E-003
   1.0455197700000000E-002  0.96403059297794402       0.94136077791929396        3.5445060583825698E-003   1.0516847782289442        2.4743393539154923E-003
   1.0639180400000000E-002  0.96694056527069538       0.94652097801600699        3.5935660647323960E-003   1.0485434829233586        2.4784335872885771E-003
   1.0825108700000001E-002  0.96976511790985875       0.95135172857318839        3.6567117142338652E-003   1.0454776040463090        2.4763771357295366E-003
   1.1013016100000000E-002  0.97250711652282273       0.95585831351289796        3.7013869818568810E-003   1.0425540836868641        2.4805831688224605E-003
   1.1202937000000000E-002  0.97515034293011038       0.96004780415152291        3.7598614576007379E-003   1.0397166115485026        2.4785732681526351E-003
   1.1394905900000000E-002  0.97769832093190190       0.96392808232740435        3.7998503169746354E-003   1.0370317543135554        2.4828937402549388E-003
   1.1588958999999999E-002  0.98013735507284916       0.96750854091455474        3.8534171055953168E-003   1.0344399362802392        2.4809327013286136E-003
   1.1785132800000001E-002  0.98247154497961053       0.97079937051826692        3.8885319486552041E-003   1.0320075646692239        2.4853690162888824E-003
   1.1983464500000001E-002  0.98469007928573138       0.97381195677438004        3.9370778924676022E-003   1.0296715588248950        2.4834587317050716E-003
   1.2183991300000000E-002  0.98679750104831376       0.97655834658466778        3.9672531469615354E-003   1.0274984070589710        2.4880107887349195E-003
   1.2386751400000000E-002  0.98878609829358977       0.97905149814493930        4.0107901605417598E-003   1.0254214317142274        2.4861529591674314E-003
   1.2591784800000000E-002  0.99066071187465821       0.98130482493863014        4.0360821239508226E-003   1.0235074181121866        2.4908191850021659E-003
   1.2799130800000001E-002  0.99241679673127070       0.98333233296808953        4.0747435980679949E-003   1.0216861428714663        2.4890159237907022E-003
   1.3008830100000000E-002  0.99405924988476790       0.98514821979594647        4.0953217780912831E-003   1.0200249576492959        2.4937936186787890E-003
   1.3220924900000000E-002  0.99558665744254060       0.98676696600552094        4.1293501961316304E-003   1.0184502390583059        2.4920480849312853E-003
   1.3435456900000000E-002  0.99700368300688780       0.98820301570430913        4.1454822981014270E-003   1.0170301756959585        2.4969340889308533E-003
   1.3652470000000000E-002  0.99831191060947810       0.98947069817822741        4.1752105521214132E-003   1.0156879754464034        2.4952505983878120E-003
   1.3872007800000001E-002  0.99951541985712389       0.99058424023245806        4.1872424864112185E-003   1.0144929576335067        2.5002418734196286E-003
   1.4094115200000000E-002   1.0006186341213597       0.99155719833086520        4.2130708565234504E-003   1.0133653999565884        2.4986254232869142E-003
   1.4318837799999999E-002   1.0016246316869748       0.99240327083912216        4.2214042423985524E-003   1.0123760897221372        2.5037192851134643E-003
   1.4546223000000000E-002   1.0025405770734428       0.99313456659593680        4.2437764581132803E-003   1.0114425334829522        2.5021752133256941E-003
   1.4776318300000001E-002   1.0033680012230297       0.99376423349926002        4.2488476155165813E-003   1.0106374380705490        2.5073689639304058E-003
   1.5009172300000000E-002   1.0041169016452638       0.99430224473464457        4.2682250470947062E-003   1.0098755070665804        2.5059045005597163E-003
   1.5244834100000000E-002   1.0047863525489289       0.99476075670311626        4.2704944805954425E-003   1.0092321488877245        2.5111945992882722E-003
   1.5483355100000000E-002   1.0053895745748704       0.99514804908141208        4.2873292888877673E-003   1.0086189653797615        2.5098200913043333E-003
   1.5724785599999999E-002   1.0059221142543617       0.99547459457320753        4.2872452528520694E-003   1.0081149696646783        2.5152038743865767E-003
   1.5969179600000001E-002   1.0064009782161738       0.99574748473465646        4.3019782713724633E-003   1.0076282241663637        2.5139340141525873E-003
   1.6216590999999999E-002   1.0068177008394654       0.99597505612492232        4.2999568418288815E-003   1.0072415909077477        2.5194040620756968E-003
   1.6467073900000000E-002   1.0071925957605403       0.99616339494335315        4.3130090129738334E-003   1.0068603021914400        2.5182573807925961E-003
   1.6720684199999999E-002   1.0075136932522677       0.99631877657920420        4.3094240327822718E-003   1.0065702579166120        2.5238067984738126E-003
   1.6977479699999999E-002   1.0078033680155805       0.99644631139170270        4.3211891134641222E-003   1.0062751882480589        2.5227721190903712E-003
   1.7237518000000000E-002   1.0080475812734768       0.99655050193848216        4.3163640437500830E-003   1.0060628089962547        2.5284252174775923E-003
   1.7500858800000001E-002   1.0082690053130090       0.99663551972581577        4.3271938190450653E-003   1.0058367396125099        2.5275015993545379E-003
   1.7767561599999999E-002   1.0084528702188262       0.99670440914206326        4.3214031328970455E-003   1.0056853504276000        2.5332639599534579E-003
   1.8037688000000000E-002   1.0086209727278135       0.99676054057897412        4.3315991651107751E-003   1.0055131240897690        2.5324330910723807E-003
   1.8311301200000001E-002   1.0087588303051140       0.99680574354293638        4.3250921345990923E-003   1.0054083190286818        2.5383071218578511E-003
   1.8588466599999999E-002   1.0088856940051696       0.99684281233278438        4.3349083968978247E-003   1.0052777621786457        2.5375629934940819E-003
   1.8869249200000000E-002   1.0089892682445949       0.99687251056745785        4.3277837353897361E-003   1.0052077437625475        2.5435403237094750E-003
   1.9153716000000001E-002   1.0090856455607191       0.99689735253113476        4.3374192559623298E-003   1.0051081298806313        2.5428903748078318E-003
   1.9441936199999999E-002   1.0091642985122897       0.99691710418905466        4.3299641750897564E-003   1.0050634492601747        2.5489554880332920E-003
   1.9733980299999999E-002   1.0092378881711310       0.99693429492125041        4.3395517890077590E-003   1.0049870311145699        2.5483908788291403E-003
   2.0029919199999999E-002   1.0092988569083934       0.99694776787089034        4.3318621367033107E-003   1.0049603981414914        2.5545323361448563E-003
   2.0329825600000000E-002   1.0093553914858202       0.99696027131653686        4.3414772682408495E-003   1.0049014306542807        2.5540494540557800E-003
   2.0633773899999999E-002   1.0094041231469248       0.99696988417797594        4.3335194696575855E-003   1.0048874270879362        2.5602700359049295E-003
   2.0941840499999999E-002   1.0094488026154196       0.99697959036132011        4.3431965270814650E-003   1.0048407180086394        2.5598677880427677E-003
   2.1254103600000001E-002   1.0094893924133408       0.99698714078512096        4.3350993186381560E-003   1.0048353598979749        2.5661851676512886E-003
   2.1570641500000001E-002   1.0095255216900811       0.99699520553723808        4.3448334518493420E-003   1.0047975317283471        2.5658486448152623E-003
   2.1891536199999999E-002   1.0095606243364801       0.99700165587439871        4.3366563891328236E-003   1.0047983165209795        2.5722885284221969E-003
   2.2216869500000000E-002   1.0095908858580369       0.99700893930191237        4.3464096055595555E-003   1.0047665645519279        2.5719939261638152E-003
   2.2546725300000001E-002   1.0096223157092028       0.99701479818721483        4.3382437467360015E-003   1.0047718559833458        2.5785871423820005E-003
   2.2881191200000001E-002   1.0096486873859931       0.99702189632179139        4.3479762572608870E-003   1.0047440065897328        2.5782977521905870E-003
   2.3220354700000001E-002   1.0096777298900108       0.99702740784372157        4.3399328690063863E-003   1.0047526101378561        2.5850597330452840E-003
   2.3564305200000000E-002   1.0097016188320891       0.99703460534543698        4.3496365598566199E-003   1.0047270329445201        2.5847342229363772E-003
   2.3913135799999999E-002   1.0097291738708027       0.99703972813877018        4.3418227100945599E-003   1.0047379536268322        2.5916471200467966E-003
   2.4266939599999999E-002   1.0097515507324331       0.99704693961149649        4.3515403450224829E-003   1.0047135339607909        2.5912587426377936E-003
   2.4625813600000001E-002   1.0097782336788119       0.99705159961649603        4.3440126766475552E-003   1.0047259230545922        2.5982799845321513E-003
   2.4989854499999999E-002   1.0098000392681268       0.99705841544656637        4.3538027451520906E-003   1.0047017189165253        2.5978277169038826E-003
   2.5359163099999998E-002   1.0098264436171605       0.99706238084483934        4.3465927825733193E-003   1.0047147374827285        2.6049125360594338E-003
   2.5733841600000001E-002   1.0098469949752453       0.99706898994079962        4.3563829568776594E-003   1.0046914710313593        2.6044040889780123E-003
   2.6113996300000001E-002   1.0098733762936600       0.99707268004139360        4.3494174222908971E-003   1.0047047769781927        2.6115366616671909E-003
   2.6499733300000002E-002   1.0098931855575546       0.99707832294868670        4.3591887303150965E-003   1.0046819997396248        2.6109830695328351E-003
   2.6891162600000001E-002   1.0099201570836394       0.99708150269554185        4.3524899159611561E-003   1.0046949416400113        2.6181559432532169E-003
   2.7288395900000002E-002   1.0099393598802999       0.99708626913395215        4.3622819529453224E-003   1.0046725591715637        2.6175645176842615E-003
   2.7691546800000001E-002   1.0099670609367033       0.99708923697304597        4.3558933007528623E-003   1.0046849304528216        2.6247654244343499E-003
   2.8100732699999999E-002   1.0099854394968271       0.99709327660038649        4.3657742573481708E-003   1.0046631215836461        2.6241293569487633E-003
   2.8516072800000000E-002   1.0100139067233040       0.99709652425767492        4.3597389168650389E-003   1.0046747985472573        2.6313425477078206E-003
   2.8937688100000001E-002   1.0100310885135579       0.99709954990183725        4.3698859651560094E-003   1.0046538580064435        2.6306481752845700E-003
   2.9365703500000000E-002   1.0100587533850882       0.99710081649237692        4.3641393451317326E-003   1.0046660570006178        2.6378116254207372E-003
   2.9800247400000000E-002   1.0100750593939902       0.99710473026815405        4.3751244880160063E-003   1.0046458808613599        2.6370978180296056E-003
   3.0241450300000000E-002   1.0101035871059250       0.99710687605967740        4.3696224881396165E-003   1.0046565555521554        2.6441411736991393E-003
   3.0689446299999999E-002   1.0101205870305621       0.99711090482311970        4.3811377243243152E-003   1.0046355640433220        2.6434045898607716E-003
   3.1144371300000001E-002   1.0101472814434538       0.99711341509806406        4.3760387711838091E-003   1.0046474286682345        2.6503337282809563E-003
   3.1606364999999997E-002   1.0101637478558880       0.99711621187846322        4.3877650146327595E-003   1.0046266497209306        2.6495395853570747E-003
   3.2075568999999998E-002   1.0101897606916370       0.99711790463045258        4.3831609438205014E-003   1.0046386364137680        2.6563685179280066E-003
   3.2552130499999998E-002   1.0102049154306607       0.99711885244082532        4.3950210772799861E-003   1.0046185497887523        2.6554637731106478E-003
   3.3036198500000002E-002   1.0102309605467696       0.99712008787840078        4.3910906396987248E-003   1.0046295731406356        2.6621247620634797E-003
   3.3527925600000001E-002   1.0102441826715236       0.99711970197166233        4.4033577053359547E-003   1.0046106334489149        2.6610800520929633E-003
   3.4027468399999997E-002   1.0102703208866408       0.99712083121788009        4.4001111501342938E-003   1.0046203291361770        2.6675182652943379E-003
   3.4534987099999997E-002   1.0102806548101004       0.99711961177534436        4.4130672394206618E-003   1.0046040798886711        2.6664406526473255E-003
   3.5050645499999998E-002   1.0103057373829087       0.99711968888140567        4.4101092935495360E-003   1.0046133405130677        2.6726110306718059E-003
   3.5574607600000002E-002   1.0103148716525909       0.99712009551570047        4.4238599091178188E-003   1.0045983419978421        2.6715437424920663E-003
   3.6107044700000000E-002   1.0103351262630029       0.99712171743333433        4.4196153701133757E-003   1.0046109888792532        2.6774589811643617E-003
   3.6648131899999999E-002   1.0103452880575672       0.99712084260870670        4.4335309576223631E-003   1.0045957374820540        2.6765303156624830E-003
   3.7198048099999999E-002   1.0103641729067501       0.99712825376672021        4.4295911361093869E-003   1.0046082665295066        2.6821786263158836E-003
   3.7756975700000001E-002   1.0103748245809920       0.99712543500572115        4.4440901093030132E-003   1.0045932161407913        2.6813740238404837E-003
   3.8325104899999997E-002   1.0103902261587150       0.99712857824398082        4.4401687234432510E-003   1.0046072075401686        2.6866613619975065E-003
   3.8902625400000002E-002   1.0104008820962957       0.99712973249317749        4.4552606759079598E-003   1.0045932396626174        2.6860527684078555E-003
   3.9489734899999997E-002   1.0104119512219027       0.99713863473885345        4.4511718951436479E-003   1.0046090917967607        2.6908986888622504E-003
   4.0086634500000003E-002   1.0104250873669853       0.99714418804796789        4.4669049961290402E-003   1.0045944671089959        2.6906164637495260E-003
   4.0693528999999999E-002   1.0104344249981096       0.99714471703201901        4.4626524502307755E-003   1.0046097851398772        2.6950554634439755E-003
   4.1310630700000003E-002   1.0104487169460110       0.99714334060828025        4.4791308792575795E-003   1.0045953181448870        2.6950089766912349E-003
   4.1938155900000003E-002   1.0104593804859701       0.99713830519772106        4.4748272807663943E-003   1.0046060454539638        2.6988575574772382E-003
   4.2576324200000001E-002   1.0104756196351030       0.99713643756344650        4.4926650559612893E-003   1.0045913288157768        2.6991152616381458E-003
   4.3225362900000001E-002   1.0104858468072881       0.99712329104383202        4.4883801464582910E-003   1.0045978650551832        2.7021293519786742E-003
   4.3885502999999999E-002   1.0105046177316748       0.99711593509357666        4.5074420407174819E-003   1.0045833056764819        2.7028695146849185E-003
   4.4556979099999998E-002   1.0105121208011403       0.99711443377661824        4.5028778239772898E-003   1.0045893419181016        2.7053047206933500E-003
   4.5240033399999997E-002   1.0105316847846162       0.99711163054504703        4.5229550438980011E-003   1.0045767691022582        2.7065455314984454E-003
   4.5934915500000000E-002   1.0105348637274874       0.99711297067869387        4.5182897027240092E-003   1.0045839907362442        2.7084189609760667E-003
   4.6641878800000001E-002   1.0105552570070793       0.99711358747984924        4.5399479220977002E-003   1.0045732579477473        2.7101405121115634E-003
   4.7361183899999999E-002   1.0105558695327737       0.99711726632869013        4.5348082947894190E-003   1.0045776278255314        2.7110389643572996E-003
   4.8093099100000002E-002   1.0105779663218126       0.99711519147605232        4.5580549273866186E-003   1.0045698989701102        2.7136081302361892E-003
   4.8837896399999997E-002   1.0105791358109553       0.99711994478650379        4.5515981313700047E-003   1.0045711382654976        2.7140415658882416E-003
   4.9595855199999997E-002   1.0106024049136495       0.99711987935940516        4.5754927617818004E-003   1.0045668876481739        2.7174486703329670E-003
   5.0367262199999999E-002   1.0105961422404781       0.99712617215881061        4.5682774121663973E-003   1.0045731513880081        2.7174556055501297E-003
   5.1152411799999999E-002   1.0106245909990668       0.99712257266197379        4.5940584434816158E-003   1.0045677519372009        2.7215845414974415E-003
   5.1951605800000002E-002   1.0106149285154826       0.99712257542521576        4.5858694979500686E-003   1.0045740488438188        2.7209876001437526E-003
   5.2765149599999998E-002   1.0106496265553420       0.99711926215340285        4.6118117009026800E-003   1.0045680297098745        2.7261257278072114E-003
   5.3593359899999998E-002   1.0106400182197497       0.99712155585264406        4.6034676341718071E-003   1.0045738349907016        2.7254498032297514E-003
   5.4436560699999997E-002   1.0106778561555958       0.99711738237350356        4.6292827187885610E-003   1.0045690851987539        2.7313802480115534E-003
   5.5295083699999997E-002   1.0106670373150271       0.99711870416449666        4.6211370163152209E-003   1.0045756079982748        2.7306166954568778E-003
   5.6169267699999997E-002   1.0107078271069267       0.99711194156668270        4.6467510889404923E-003   1.0045717544449186        2.7372384121458564E-003
   5.7059459399999998E-002   1.0106962299855708       0.99711555954209452        4.6383660500394748E-003   1.0045809505686054        2.7368177598233179E-003
   5.7966016199999998E-002   1.0107403725670567       0.99710630804981493        4.6623564183249219E-003   1.0045762599143362        2.7438898603279749E-003
   5.8889303400000002E-002   1.0107276092245014       0.99710925730351374        4.6547594502521026E-003   1.0045891089109094        2.7439193397313776E-003
   5.9829697000000001E-002   1.0107719833367177       0.99711154195122553        4.6781733035281053E-003   1.0045863720790029        2.7513856677377890E-003
   6.0787580899999999E-002   1.0107615988469718       0.99711921711104412        4.6711058105919365E-003   1.0046006717571718        2.7521037835751788E-003
   6.1763349900000000E-002   1.0108083565237223       0.99711191619174622        4.6933631893936525E-003   1.0045970944078948        2.7598460655269197E-003
   6.2757402700000006E-002   1.0107983993610028       0.99711406001338421        4.6870226559604742E-003   1.0046156671738358        2.7614122057677075E-003
   6.3770152600000005E-002   1.0108484731977694       0.99710610324957705        4.7082373392979522E-003   1.0046089653697357        2.7691855008549998E-003
   6.4802028200000000E-002   1.0108518640944157       0.99710410224857793        4.7023089442658839E-003   1.0046221661075361        2.7721766643522472E-003
   6.5853461599999996E-002   1.0109040609691387       0.99709893404735062        4.7220625112300236E-003   1.0046139822649252        2.7800632817841036E-003
   6.6924899800000007E-002   1.0109159176005840       0.99709924627597435        4.7170319842073233E-003   1.0046264455322935        2.7844401841235172E-003
   6.8016797300000001E-002   1.0109705989553566       0.99709542859019784        4.7361867108783925E-003   1.0046144519352693        2.7920846771797452E-003
   6.9129623500000001E-002   1.0109924479484389       0.99709313108530806        4.7321485713051805E-003   1.0046268795743154        2.7982479027926265E-003
   7.0263862600000004E-002   1.0110481996441374       0.99708484672545905        4.7507072060228202E-003   1.0046084976759300        2.8049308790090155E-003
   7.1420006499999994E-002   1.0110764617809505       0.99707150126100819        4.7486433720265765E-003   1.0046206953209125        2.8122032244618750E-003
   7.2598561600000000E-002   1.0111212520772304       0.99707468047387537        4.7652331319937612E-003   1.0046067381784696        2.8177183843279357E-003
   7.3800042299999993E-002   1.0111410095517981       0.99707235321437371        4.7646171298717536E-003   1.0046312950182672        2.8256967628751645E-003
   7.5024984800000000E-002   1.0111710717216247       0.99708335784426494        4.7784624462142815E-003   1.0046254260768115        2.8300301365862973E-003
   7.6273933099999996E-002   1.0111714077170830       0.99709039588845361        4.7791432300962125E-003   1.0046706904539930        2.8382636354389234E-003
   7.7547445899999998E-002   1.0111891438319234       0.99709380441030926        4.7909903766745754E-003   1.0046716655890553        2.8416216712837910E-003
   7.8846097000000004E-002   1.0111939167635824       0.99707978694245469        4.7923895366477195E-003   1.0047110010713542        2.8495807837147385E-003
   8.0170474899999997E-002   1.0112138545545812       0.99707895846066830        4.8041950195389224E-003   1.0047024998873171        2.8516227842281410E-003
   8.1521183299999994E-002   1.0112393295730271       0.99706023131292509        4.8067359621994177E-003   1.0047251787361482        2.8602885982646964E-003
   8.2898840299999998E-002   1.0112516403138001       0.99705492181768407        4.8199811503165622E-003   1.0047130647587792        2.8603097825037021E-003
   8.4304086900000005E-002   1.0112860475105045       0.99704666854711865        4.8256139096856136E-003   1.0047264353092158        2.8688974273527457E-003
   8.5737571100000007E-002   1.0112899270769187       0.99704583757557663        4.8409027834164977E-003   1.0047101258101603        2.8666481899997892E-003
   8.7199963599999999E-002   1.0113198750903003       0.99704689532688562        4.8514440574573625E-003   1.0047271084410916        2.8750881800863287E-003
   8.8691957299999999E-002   1.0113106580673139       0.99704085864800429        4.8693761618347669E-003   1.0047145692022557        2.8711700267412626E-003
   9.0214252499999995E-002   1.0113388414981450       0.99703040273426657        4.8844964456891092E-003   1.0047272917514858        2.8785241538422024E-003
   9.1767579299999999E-002   1.0113197513940242       0.99703524514117514        4.9056120242756936E-003   1.0047245812028065        2.8746095859798803E-003
   9.3352675400000001E-002   1.0113673070055389       0.99702184085958778        4.9215214410883133E-003   1.0047173186584173        2.8818301559623998E-003
   9.4970308200000006E-002   1.0113569626348233       0.99703212480637415        4.9468499141051715E-003   1.0047151532569167        2.8795831626957885E-003
   9.6621260000000000E-002   1.0114053166008741       0.99702614627659492        4.9585832401309194E-003   1.0047122494297562        2.8877340584426703E-003
   9.8306335499999994E-002   1.0114316288201786       0.99701758983058109        4.9889075198338729E-003   1.0046979561629106        2.8898732632423201E-003
  0.10002636199999999        1.0114590287817755       0.99699132780598787        4.9928973870047742E-003   1.0047224126838863        2.8992063800939044E-003
  0.10178218000000000        1.0114762193738291       0.99702282546122123        5.0282513863586665E-003   1.0047560042138868        2.9083579527531111E-003
  0.10357466300000000        1.0115001522002043       0.99700841025666775        5.0262842050818888E-003   1.0047837659829510        2.9176664678659536E-003
  0.10540470500000000        1.0115795983061524       0.99700845969613383        5.0663454152265587E-003   1.0047984315247382        2.9345703107940590E-003
  0.10727322100000000        1.0116175009457091       0.99698424589608847        5.0619797213925198E-003   1.0048112112724537        2.9436797267268621E-003
  0.10918115800000000        1.0117323187468157       0.99696095723771883        5.1029534680315557E-003   1.0048193259362077        2.9657475984020847E-003
  0.11112948500000000        1.0117567015874318       0.99695817680270493        5.1011896481357758E-003   1.0048482487117949        2.9753481629558680E-003
  0.11311919199999999        1.0118609949984874       0.99693290798359080        5.1437508501664918E-003   1.0048690855567255        2.9978272776157960E-003
  0.11515130100000000        1.0118946167948970       0.99693973405082315        5.1480830072686166E-003   1.0048977562789552        3.0090410728473532E-003
  0.11722686100000000        1.0119719741140756       0.99695760816292689        5.1941329571989154E-003   1.0049260171396022        3.0280295363140286E-003
  0.11934695400000001        1.0120557668150196       0.99687585179907912        5.2052150384591005E-003   1.0049225158951260        3.0424334667715296E-003
  0.12151268100000000        1.0120752412644414       0.99690083130166740        5.2450166451904427E-003   1.0049875279252731        3.0576776415581052E-003
  0.12372518300000000        1.0121736593240889       0.99683601184848369        5.2605330247690639E-003   1.0050014943411594        3.0778643131194289E-003
  0.12598562199999999        1.0122017402707637       0.99682870031224158        5.2975930369661148E-003   1.0050286569475111        3.0878134971891263E-003
  0.12829519800000000        1.0122759833138431       0.99679796192749570        5.3275253357104339E-003   1.0050792073835852        3.1102755290208467E-003
  0.13065515500000000        1.0123608259770325       0.99680262574164857        5.3501476411296645E-003   1.0050150671789775        3.1139077729772091E-003
  0.13306675900000001        1.0124357849106080       0.99677333567722415        5.3972034283113965E-003   1.0050672320202507        3.1367914175633609E-003
  0.13553130599999999        1.0124799656806531       0.99674411271570307        5.4247507821711472E-003   1.0050132304666624        3.1349573377658412E-003
  0.13805013899999999        1.0125657974107030       0.99675035508053411        5.4717971348284293E-003   1.0050774642972173        3.1619757313641355E-003
  0.14062462700000000        1.0125396436119687       0.99679949254455114        5.5170051994804306E-003   1.0050872546403062        3.1590518950763702E-003
  0.14325618700000001        1.0125898123516843       0.99682572364672573        5.5360274422515668E-003   1.0051863474231479        3.1859740920857560E-003
  0.14594627900000001        1.0126626420571938       0.99678919190759752        5.5903470578387814E-003   1.0051851085850445        3.1988228243354233E-003
  0.14869639300000001        1.0127390094707731       0.99666899276454668        5.5843880914073522E-003   1.0052157701921103        3.2180756087067863E-003
  0.15150806300000000        1.0128758014558270       0.99667365503375305        5.6411014181596822E-003   1.0052572335724859        3.2501296649998473E-003
  0.15438287000000001        1.0129619516002744       0.99677361050694213        5.6549329303526895E-003   1.0052700856561101        3.2679192592121758E-003
  0.15732243700000001        1.0131057567156962       0.99664001717964157        5.6872023956422739E-003   1.0052876423213275        3.2969102840868913E-003
  0.16032843299999999        1.0132755358227581       0.99655973642201612        5.7241357565233752E-003   1.0053687736321018        3.3420683574173337E-003
  0.16340257200000000        1.0132783237412484       0.99657145513487100        5.7347877414180059E-003   1.0053714500935107        3.3430531585822753E-003
  0.16654662800000000        1.0135588499294899       0.99652909870843764        5.8275215117502780E-003   1.0054872534622925        3.4143757567861987E-003
  0.16976241800000000        1.0135156944588297       0.99664237528375954        5.7982123938459251E-003   1.0055099634933697        3.4107373098670101E-003
  0.17305180400000000        1.0138831216957427       0.99634949094663261        5.9101314569580590E-003   1.0055484987221541        3.4836876608723305E-003
  0.17641671000000000        1.0138881567466222       0.99639672581107852        5.9078489064141515E-003   1.0055826597428061        3.4907766683927748E-003
  0.17985910199999999        1.0141190424248181       0.99645517649315107        5.9517611042507624E-003   1.0056982806497456        3.5531745251439289E-003
  0.18338102100000001        1.0142960630775588       0.99638446244108803        6.0340404778199980E-003   1.0058333811440838        3.6094354654346377E-003
  0.18698455400000000        1.0143933214007861       0.99629088816070643        5.9777407339634105E-003   1.0058243866962027        3.6252750654767424E-003
  0.19067184600000001        1.0149771594084906       0.99609169115823248        6.1036347144424003E-003   1.0058991460770781        3.7436889172748349E-003
  0.19444510300000001        1.0148629105714155       0.99626323172335696        6.0762888965553855E-003   1.0059952536347003        3.7405841294181025E-003
  0.19830660500000000        1.0151822418311722       0.99612210208750018        6.1975964819654793E-003   1.0061008509691167        3.8170923919782023E-003
  0.20225869099999999        1.0153904458385989       0.99611888843143703        6.2997469173693551E-003   1.0062114045509443        3.8745440490832255E-003
  0.20630377499999999        1.0152427858726922       0.99607683814954706        6.2741470046621828E-003   1.0062162715936001        3.8488947791285948E-003
  0.21044433100000001        1.0155996012834769       0.99611403113387909        6.6472118553855724E-003   1.0062119031782160        3.9122156561579744E-003
  0.21468290700000001        1.0153584234024786       0.99629596383856300        6.6459570246175624E-003   1.0063407981686476        3.8922511132339199E-003
  0.21902212500000001        1.0156198472964735       0.99603670442183123        6.9323620153079824E-003   1.0062768404776044        3.9276305471147186E-003
  0.22346468300000000        1.0160294900814713       0.99580398749463173        7.1011488888467651E-003   1.0064340685970403        4.0297666995127235E-003
  0.22801336600000000        1.0157054753982961       0.99585036601872212        7.0382111446176720E-003   1.0063267770677229        3.9520745549297730E-003
  0.23267103700000000        1.0164196393634897       0.99583095499917285        7.5026644758291591E-003   1.0066738100257537        4.1433983826869025E-003
  0.23744064600000001        1.0159501179715955       0.99612390846184451        7.2498923447006543E-003   1.0065071156301446        4.0287540828027957E-003
  0.24232521700000001        1.0169650664033374       0.99556634099246588        7.4135262917530290E-003   1.0067736593958601        4.2595788179717563E-003
  0.24732787900000000        1.0172808814011569       0.99555101045960803        7.7065926523534551E-003   1.0069062912218689        4.3404498968844483E-003
  0.25245183700000001        1.0177143222465719       0.99550500172962686        7.4509541096626783E-003   1.0072218562657789        4.4757337145466336E-003
  0.25770041300000002        1.0192433491549924       0.99517992757654516        8.1476684112748044E-003   1.0076095969290424        4.8213178954766211E-003
  0.26307699099999998        1.0188861769491708       0.99521466129332303        7.5781578923562118E-003   1.0075548152119385        4.7470845960750517E-003
  0.26858508599999997        1.0201932999328676       0.99509228074152234        8.3882179312138247E-003   1.0080719995255425        5.0764821010513116E-003
  0.27422830500000001        1.0203273569143003       0.99497566806585858        8.4681514296306524E-003   1.0081463970796578        5.1141694133860494E-003
  0.28001037200000001        1.0199415965037169       0.99485120772005786        8.3801459398433545E-003   1.0081213374906757        5.0401582910182350E-003
  0.28593513399999998        1.0207684101052426       0.99479400169556320        1.0176498631637262E-002   1.0082059360666815        5.2044232888311314E-003
  0.29200652199999999        1.0188434507804605       0.99540380511186977        8.5102369612446768E-003   1.0072698943579048        4.6875598276566975E-003
  0.29822862100000003        1.0215883461081325       0.99310724805935080        9.1931176035875157E-003   1.0078846751119410        5.2934354134536099E-003
  0.30460560300000000        1.0231764959985057       0.99372291678521896        1.0092899462329068E-002   1.0092176068695724        5.8228097672868850E-003
  0.31114178900000000        1.0264658745433040       0.99345428802533142        1.0847923143725690E-002   1.0105669461877389        6.6629436077059578E-003
  0.31784161900000002        1.0295044281776278       0.99277841963752156        1.2599123010582997E-002   1.0118031112538721        7.4385327642432861E-003
  0.32470965400000001        1.0319515354101905       0.99214632293464700        1.3750671917457977E-002   1.0126855194526221        8.0432815512142073E-003
  0.33175063100000002        1.0341170274937972       0.99151713297802890        1.4886084436540893E-002   1.0135619707954753        8.5967307892449527E-003
  0.33896940900000000        1.0355312084065791       0.99121037421722913        1.5251074882286157E-002   1.0140789267595995        8.9482815083955346E-003
  0.34637099500000001        1.0370294180145962       0.99073040358104625        1.5125909333630930E-002   1.0147149097660002        9.3373593438158316E-003
  0.35396054399999999        1.0386029213852985       0.99055110592454232        1.5811833811677903E-002   1.0151962788027662        9.7117537400065856E-003
  0.36174336099999999        1.0379513138257994       0.99036439627047324        1.4828751632202803E-002   1.0151132611497677        9.5782398379273825E-003
  0.36972492899999998        1.0352459018698523       0.99109537386659985        1.5586734583060678E-002   1.0139713788661435        8.8767347472318691E-003
  0.37791091199999999        1.0286986058434409       0.99299377142091805        1.2367463492938335E-002   1.0114459575567449        7.2273297186799066E-003
  0.38630712000000000        1.0209193281767064       0.99437119308107025        9.0263363124157749E-003   1.0083753941012441        5.2624874813863741E-003
  0.39491957400000000        1.0152991566638228       0.99574133675794241        6.4238697557851155E-003   1.0061491601954589        3.8468560400826773E-003
  0.40375444300000002        1.0106890046004589       0.99702935043455110        4.4195700789269286E-003   1.0043220076590786        2.6887875391586645E-003
  0.41281810400000002        1.0071734322823436       0.99793487952746807        2.9843093216234476E-003   1.0029098010644375        1.8043047513699847E-003
  0.42211714400000000        1.0047041394308771       0.99861767805918866        1.9169702426717903E-003   1.0019108053312880        1.1828452601551315E-003
  0.43165832799999998        1.0029725505346458       0.99910072024453822        1.2130436947740718E-003   1.0012101940120777        7.4756105528234196E-004
  0.44144865900000002        1.0018451855216810       0.99943057983424699        7.3814788306494645E-004   1.0007528845869784        4.6418916435693659E-004
  0.45149534899999999        1.0011102003690620       0.99964889074170216        4.4309663079149854E-004   1.0004540764453755        2.7942516612049814E-004
  0.46180581999999998        1.0006568374258016       0.99978804392587173        2.5750932526917510E-004   1.0002692220559612        1.6539934230088072E-004
  0.47238776100000002        1.0003785744599667       0.99987507522698993        1.4752467437462901E-004   1.0001555491061180        9.5389723750648000E-005
  0.48324906800000000        1.0002146218640264       0.99992779978590984        8.2265186163704392E-005   1.0000883863999279        5.4112006001464218E-005
  0.49439790800000000        1.0001190125679220       0.99995911623595524        4.5208292823539096E-005   1.0000491369941018        3.0027751775669425E-005
  0.50584268600000004        1.0000649207234791       0.99997728682414522        2.4281262841839931E-005   1.0000268674115191        1.6391049866084006E-005
  0.51759207200000001        1.0000347616446168       0.99998759627057754        1.2849419301819091E-005   1.0000144239422184        8.7832300420055883E-006
  0.52965503899999999        1.0000183090497767       0.99999335345746265        6.6694216010667885E-006   1.0000076153929534        4.6293896715668815E-006
  0.54204082499999995        1.0000094958558248       0.99999648899608151        3.4098045774139060E-006   1.0000039603086008        2.4028932200342064E-006
  0.55475890600000000        1.0000048441731688       0.99999817944727420        1.7153469948784182E-006   1.0000020251570625        1.2266678645464095E-006
  0.56781911799999996        1.0000024403055947       0.99999906702521713        8.4983904701948597E-007   1.0000010229673753        6.1844204757299792E-007
  0.58123165399999999        1.0000012089186345       0.99999953074387382        4.1551933150924167E-007   1.0000005079890393        3.0659076571166418E-007
  0.59500694300000001        1.0000005927716815       0.99999976631481591        2.0007735747580604E-007   1.0000002497680329        1.5045354688293854E-007
  0.60915577399999998        1.0000002854323677       0.99999988630956405        9.5430449710863536E-008   1.0000001205202542        7.2491545782022681E-008
  0.62368929399999995        1.0000001352585521       0.99999994735805786        4.4741673997410355E-008   1.0000000584577935        3.4592206004419827E-008
  0.63861900599999999        1.0000000629707433       0.99999997593940382        2.0611106260652574E-008   1.0000000277186978        1.6194543365052486E-008
  0.65395683100000002        1.0000000295219638       0.99999998876262575        9.3132877080657715E-009   1.0000000131088886        7.6126522942564037E-009
  0.66971498699999998        1.0000000136892893       0.99999999481330171        4.2814013925836990E-009   1.0000000061179879        3.5370137771043429E-009
  0.68590617200000004        1.0000000065177110       0.99999999755749136        1.9583944443434363E-009   1.0000000029322773        1.6874979191783270E-009
  0.70254343699999999        1.0000000030763736       0.99999999885749524        9.2339475326523603E-010   1.0000000013894796        7.9747379335058458E-010
  0.71964025499999995        1.0000000014964785       0.99999999944902052        4.3049655836903443E-010   1.0000000006781065        3.8831874224091022E-010
  0.73721057199999995        1.0000000007116281       0.99999999973846720        2.0667710971902944E-010   1.0000000003236569        1.8487231586864338E-010
  0.75526875299999996        1.0000000003495191       0.99999999987188781        9.6720915415702546E-011   1.0000000001590661        9.0818781066965521E-011
  0.77382963900000001        1.0000000001658287       0.99999999993902877        4.6640425715733418E-011   1.0000000000757430        4.3137794923455077E-011
  0.79290854899999996        1.0000000000817604       0.99999999996969935        2.1612379745638644E-011   1.0000000000368197        2.1175006192919454E-011
  0.81252133800000004        1.0000000000384466       0.99999999998571520        1.0503031108487065E-011   1.0000000000176552        1.0018176764349717E-011
  0.83268433799999997        1.0000000000188760       0.99999999999303535        4.7868376344570643E-012   1.0000000000086162        4.9093269132478265E-012
  0.85341441600000001        1.0000000000085856       0.99999999999658629        2.2043280471215503E-012   1.0000000000042384        2.2899935915786176E-012
  0.87472903700000004        1.0000000000038103       0.99999999999833245        1.0303924543044320E-012   1.0000000000022062        1.0743786812586872E-012
  0.89664620200000000        1.0000000000012648       0.99999999999947131        4.7497610270142601E-013   1.0000000000009666        3.9845111337350709E-013
  0.91918456599999998        1.0000000000004059       0.99999999999989586        1.5081615416385220E-013   1.0000000000002618        1.1923002268028022E-013
  0.94236332199999995        1.0000000000000377       0.99999999999997424        3.9324509108824434E-014   1.0000000000001501        3.3544595672602947E-014
  0.96620231899999998        1.0000000000000000        1.0000000000000000        1.0820263411726237E-014   1.0000000000000000        0.0000000000000000     
  0.99072212000000004        1.0000000000000000        1.0000000000000000        2.5616461296593282E-016   1.0000000000000000        0.0000000000000000     
   1.0159438800000000        1.0000000000000000        1.0000000000000000       -5.1070259132757201E-015  0.99999999999999600       -7.1371480154474352E-016
