   0.0000000000000000        14987.538043766715       -1.8189902041812577E-012
   9.9999997500000001E-005   15170.104324859565        1425.3442870534843     
   2.0049999900000000E-004   3393.9330084829376        6755.5237824068799     
   3.0152269800000001E-004   5647.3660288589754        3852.7250278219653     
   4.0309113700000000E-004   6700.2687189561448        709.47435627669927     
   5.0522870200000005E-004   3544.4728231806262        2972.9865787812591     
   6.0795911100000003E-004   3812.0547511561786        1833.6065556973369     
   7.1130646399999997E-004   4120.2986415635687        1325.8767489256959     
   8.1529526499999998E-004   3007.0841157647883        1537.0704458510722     
   9.1995042700000003E-004   3209.6345079246930        1361.7345395414293     
   1.0252973300000001E-003   3304.3590440398175        1467.0696016878371     
   1.1313617000000000E-003   2768.1468395366810        1682.9460016679407     
   1.2381698500000000E-003   2852.9364465361941        1561.7721063401611     
   1.3457484299999999E-003   2812.8181959229078        1636.8788415634290     
   1.4541246900000001E-003   2576.8289296496632        1596.5699100939153     
   1.5633263400000000E-003   2573.1573069314195        1617.1841455024917     
   1.6733816600000000E-003   2512.2679961294102        1626.6372578594262     
   1.7843195200000000E-003   2408.7927817746590        1606.3025772172002     
   1.8961693900000000E-003   2363.3807585084955        1560.1856696833020     
   2.0089612799999998E-003   2289.7718804851779        1528.1675917444500     
   2.1227260599999999E-003   2235.0615659407854        1489.6441772912349     
   2.2374950299999998E-003   2181.7257613295083        1453.1549064517171     
   2.3533001100000000E-003   2133.8112958077136        1419.0602172177585     
   2.4701741099999999E-003   2087.8080849631074        1389.1749769716457     
   2.5881503200000000E-003   2043.0101077096162        1362.8340172762771     
   2.7072629900000002E-003   2000.0602357087103        1335.0922103384855     
   2.8275472600000000E-003   1961.7156177400193        1311.8634495175108     
   2.9490389900000001E-003   1923.9094790022170        1281.5151753539305     
   3.0717747299999999E-003   1892.5773611266659        1254.8631582588050     
   3.1957919699999999E-003   1860.2313848344097        1231.5015178234553     
   3.3211291299999998E-003   1830.2128037821567        1210.0968502921301     
   3.4478257900000002E-003   1800.0092967923526        1189.4569086895210     
   3.5759222200000000E-003   1771.4983913505616        1169.7366590191821     
   3.7054598799999999E-003   1742.4920613909269        1151.4358665409113     
   3.8364811300000000E-003   1713.8323780133310        1133.6607406902103     
   3.9690295200000003E-003   1685.0512296492191        1116.5999840700781     
   4.1031497500000000E-003   1656.6605729068747        1099.2358237213903     
   4.2388872200000002E-003   1629.9827007117094        1082.3098443548811     
   4.3762889700000003E-003   1604.3342634065491        1065.4842903614972     
   4.5154034200000004E-003   1580.4741108396088        1049.3744268334312     
   4.6562799299999999E-003   1557.3370800533860        1033.4246418957662     
   4.7989692500000000E-003   1535.5240652805526        1018.1203735330491     
   4.9435240200000003E-003   1513.8710533121821        1002.7388501888684     
   5.0899977800000001E-003   1492.9339468149253        987.82659738215636     
   5.2384454800000002E-003   1472.0164349268664        972.80895793548325     
   5.3889239200000001E-003   1451.7203800466120        958.21209806201296     
   5.5414913200000004E-003   1431.6486279082285        943.81315374256565     
   5.6962077499999996E-003   1412.2576270598572        929.95125880729881     
   5.8531346700000002E-003   1393.2262429742384        916.73237491856355     
   6.0123358899999996E-003   1374.7227103474386        904.10122412356282     
   6.1738765800000003E-003   1356.7416074839598        891.89731143292192     
   6.3378238099999996E-003   1339.6527668666756        880.05660495687380     
   6.5042464999999997E-003   1322.8973732384293        868.54920380096382     
   6.6732158899999996E-003   1306.7800936071988        857.20979492805338     
   6.8448055500000002E-003   1290.5312210696291        846.39435435058863     
   7.0190909300000002E-003   1274.2693134461642        834.95777593836942     
   7.1961497900000001E-003   1258.9379217446394        823.72883818449168     
   7.3760622200000001E-003   1243.4531790539995        812.63333647236516     
   7.5589106400000003E-003   1228.2508587977366        802.03310844903024     
   7.7447802800000003E-003   1213.2853852585563        791.79730723620787     
   7.9337591300000006E-003   1198.9865077441709        782.00746511363047     
   8.1259375399999993E-003   1184.9596564992407        772.41431211512804     
   8.3214081799999999E-003   1171.3356742463361        763.14627659122846     
   8.5202678999999996E-003   1157.8475317218545        753.83055970927205     
   8.7226154300000004E-003   1144.4971829692558        744.76030733078301     
   8.9285531999999997E-003   1131.0962417882856        735.49436017409630     
   9.1381864599999994E-003   1118.0491232766772        726.45513665355259     
   9.3516241800000004E-003   1104.9621667939412        717.63906115048985     
   9.5689790300000008E-003   1092.0693162052178        709.12469933775753     
   9.7903674500000003E-003   1079.4006654977786        700.71675333468158     
   1.0015909599999999E-002   1067.2577992475649        692.53165777069478     
   1.0245729199999999E-002   1055.2424823007125        684.35402031737567     
   1.0479954099999999E-002   1043.5211157845904        676.33548588295264     
   1.0718716300000000E-002   1031.7199441307171        668.24196685801110     
   1.0962152899999999E-002   1020.0583692449995        660.26317165388468     
   1.1210404300000001E-002   1008.3198092228361        652.27796427248336     
   1.1463617000000001E-002   996.70675665744693        644.41404820838534     
   1.1721941600000001E-002   985.33915986264185        636.65555201468737     
   1.1985533899999999E-002   974.34266838013014        629.05176309220337     
   1.2254554799999999E-002   963.72444323351976        621.62356528092175     
   1.2529172000000000E-002   953.40515529043512        614.38012698583634     
   1.2809557799999999E-002   943.12970599392622        607.19773540463302     
   1.3095890200000000E-002   932.94853839348468        600.19153638025603     
   1.3388354300000000E-002   922.61815755963516        593.10978966391906     
   1.3687141200000001E-002   912.05680167135142        586.20123037984865     
   1.3992448300000000E-002   901.32194182550870        579.10033669401867     
   1.4304480499999999E-002   891.02054599778376        572.12625952860913     
   1.4623449199999999E-002   880.74802822675372        565.25165880197108     
   1.4949574100000000E-002   870.68357536309873        558.64086294133449     
   1.5283082599999999E-002   860.94535391072532        552.17096653140970     
   1.5624210200000000E-002   851.74732592211569        545.86453600009929     
   1.5973200999999999E-002   842.72799096369511        539.61162754615896     
   1.6330307299999999E-002   833.96731168825329        533.45920418542460     
   1.6695789999999999E-002   825.12888824171966        527.31280626316743     
   1.7069920900000000E-002   816.37478020677065        521.19199268000136     
   1.7452981300000000E-002   807.44741193750053        515.10738191759492     
   1.7845263699999999E-002   798.43339282217755        509.06571526840031     
   1.8247069800000001E-002   789.30413299201882        503.05152016312024     
   1.8658712500000001E-002   780.24569977502222        497.09463861360274     
   1.9080517799999999E-002   771.36349462080932        491.21389707125428     
   1.9512822900000001E-002   762.63470528767721        485.37343604367987     
   1.9955977800000000E-002   754.06473412323669        479.62659665423388     
   2.0410345900000001E-002   745.54956115002346        473.84620555779674     
   2.0876303299999999E-002   737.19181148683197        468.16201866812764     
   2.1354241300000000E-002   728.80118908654879        462.45991254689034     
   2.1844565900000001E-002   720.44900052619539        456.86263820996794     
   2.2347699900000000E-002   712.07062285549068        451.26846535318526     
   2.2864081000000001E-002   703.68365591256475        445.80344115046211     
   2.3394163700000001E-002   695.25692129379240        440.27527951319627     
   2.3938419300000000E-002   687.06225078564910        434.81852711885733     
   2.4497339500000000E-002   678.87775750749040        429.42031871329260     
   2.5071434699999999E-002   670.76554427995086        424.10551482509294     
   2.5661233799999999E-002   662.73934328548535        418.89207254029424     
   2.6267288300000000E-002   654.77823392218465        413.68057998910405     
   2.6890169799999999E-002   646.93235535017698        408.60852865737803     
   2.7530474600000000E-002   639.12077089642457        403.47375644706744     
   2.8188820900000001E-002   631.47579539014407        398.53457754722530     
   2.8865853300000001E-002   623.87035882826194        393.54285711415571     
   2.9562240500000000E-002   616.43783154491598        388.66424342874291     
   3.0278678999999999E-002   609.27033769850698        383.84388040148741     
   3.1015893400000001E-002   602.13839306316152        378.99532487007303     
   3.1774640100000001E-002   595.07617316989854        374.20759302537050     
   3.2555703100000000E-002   587.71607461719873        369.29518946074563     
   3.3359900099999999E-002   580.29899041803776        364.48527674617554     
   3.4188080599999997E-002   572.80818941518169        359.65477100773467     
   3.5041131099999998E-002   565.53736533495999        354.99001239062034     
   3.5919975500000000E-002   558.76578765559464        350.54447458211115     
   3.6825574899999998E-002   552.10066524594970        345.93045735422288     
   3.7758927800000001E-002   545.47084439725484        341.41635414324406     
   3.8721077100000001E-002   538.25015099886491        336.69204717093851     
   3.9713110800000000E-002   530.97107249947840        332.18616284792444     
   4.0736161200000003E-002   524.10472534904306        327.75054295201511     
   4.1791409299999999E-002   517.54612946831730        323.45781853647895     
   4.2880088099999998E-002   510.93571790995452        319.09846717565472     
   4.4003479200000001E-002   504.38375038262984        314.81307195305692     
   4.5162923600000002E-002   497.90500098995813        310.51301529826213     
   4.6359814700000002E-002   491.48150247741586        306.28497188708468     
   4.7595608999999997E-002   484.88993871571319        301.97757544449934     
   4.8871826399999999E-002   478.31019081977172        297.75855770411636     
   5.0190053900000003E-002   471.75787890491995        293.55520015592492     
   5.1551945500000002E-002   465.23763409234869        289.39003521078524     
   5.2959229800000000E-002   458.70394026559541        285.22670669200141     
   5.4413709800000001E-002   452.23743707034595        281.09783321630636     
   5.5917270499999998E-002   446.24518765731409        277.16116538204608     
   5.7471878800000001E-002   440.80728444659673        273.46249045524058     
   5.9079591200000003E-002   435.16551461406425        269.56799244987525     
   6.0742553300000002E-002   429.09812133974742        265.57923182508000     
   6.2463007899999999E-002   422.61517631942917        261.55566559587771     
   6.4243294300000003E-002   416.05131847806246        257.61538216267394     
   6.6085867600000001E-002   409.74048517875701        253.84221795400691     
   6.7993283299999999E-002   403.81705980977824        250.03362149181893     
   6.9968223600000004E-002   398.21999090359611        246.38270692583836     
   7.2013482500000003E-002   392.87659489129049        242.68580299704584     
   7.4131987999999996E-002   387.51543634569106        239.13697255628645     
   7.6326802400000004E-002   381.78647706866275        235.39628335990341     
   7.8601129399999997E-002   375.82288075471325        231.64393683098763     
   8.0958321700000002E-002   369.92911963830034        228.09398355020070     
   8.3401888600000001E-002   364.48500342961103        224.61522597214028     
   8.5935503199999999E-002   359.07952965041130        221.13107390207554     
   8.8563010100000006E-002   353.76826094094696        217.74852008948795     
   9.1288432500000002E-002   348.59385131763048        214.32419365147763     
   9.4115980000000002E-002   343.32020609211418        210.89543474105227     
   9.7050070799999999E-002   337.85134892158032        207.42845606090276     
  0.10009532400000000        332.35651286245229        204.03277371429613     
  0.10325659099999999        326.99131052912418        200.82401646453806     
  0.10653894400000000        321.70197611493808        197.50753679768718     
  0.10994770399999999        316.71383641746860        194.38342172083563     
  0.11348844299999999        312.11907688524087        191.17857085762049     
  0.11716701100000000        307.51236979864444        188.14750555254514     
  0.12098953899999999        302.50876930195045        184.94055902134249     
  0.12496244900000000        297.28778342275541        181.78274689421164     
  0.12909248500000001        291.95358697942004        178.57295947971323     
  0.13338671599999999        287.10691695186756        175.66549453612001     
  0.13785256400000001        282.89934369386265        172.74964686888111     
  0.14249782300000000        278.41251473206637        169.84623635212208     
  0.14733065700000000        273.52692094287801        166.84279269174823     
  0.15235965000000001        268.48530967574192        163.78839229306135     
  0.15759381700000000        263.79653472801260        161.05793534464087     
  0.16304262000000000        259.69480995677793        158.24089242262028     
  0.16871598400000001        255.62300646932468        155.57952100465107     
  0.17462435400000001        251.18901889976843        152.77108600330700     
  0.18077869699999999        246.39456560130574        149.81018859462861     
  0.18719053299999999        241.98582197443415        147.30995433788468     
  0.19387197500000000        238.19181536657442        144.63582109222608     
  0.20083575000000001        234.29204588649708        142.15069395245348     
  0.20809523799999999        229.38502542220525        139.15505366016939     
  0.21566450600000001        224.76258064317025        136.81581722449408     
  0.22355835099999999        221.01705899507351        134.20730926409561     
  0.23179234600000001        217.66165179622448        132.02352111406836     
  0.24038286500000000        213.48853645220987        129.32016529562407     
  0.24934713500000000        209.38812340596809        127.01810356736277     
  0.25870329100000000        205.76329725195905        124.52747415811250     
  0.26847040700000002        202.32947768424069        122.35369122446053     
  0.27866858200000000        198.28399632549471        119.80743154694450     
  0.28931897899999998        194.33759404428184        117.61823331747654     
  0.30044385800000001        190.78257635310243        115.27348875762803     
  0.31206670399999997        187.33501103258945        113.14681675203447     
  0.32421222300000002        183.47017397352408        110.80157290165026     
  0.33690646299999999        179.69531063646573        108.65152851957883     
  0.35017687100000000        176.34932150934989        106.56945779782997     
  0.36405235499999999        173.12251526371642        104.42068571614301     
  0.37856340399999999        170.00624641284122        102.40078939511133     
  0.39374217400000000        166.92762941281589        100.32423103066421     
  0.40962258000000001        163.70445783277290        98.357766593446641     
  0.42624035500000002        160.15427484494984        96.289321394198552     
  0.44363322900000002        156.44718929675506        94.151630526532429     
  0.46184098699999998        153.10049630476630        92.332558097637488     
  0.48090562199999998        150.29991540890330        90.503941623251990     
  0.50087148000000004        147.40767548816629        88.655902128766158     
  0.52178531900000003        144.39715489365491        86.764232333474766     
  0.54369652300000004        141.51521817238617        84.992914034559334     
  0.56665724500000003        138.74525048745008        83.199539994023411     
  0.59072256099999998        135.84619318991858        81.452542431293566     
  0.61595070399999996        132.64327398465738        79.563842977284622     
  0.64240312600000005        129.63810555883998        78.002425484369951     
  0.67014479599999999        127.05178504480355        76.286031417007180     
  0.69924438000000000        124.62222377593342        74.754036415283949     
  0.72977441499999995        122.03194211468293        73.086701190236795     
  0.76181161399999997        119.44959451205763        71.568448802985372     
  0.79543715699999995        116.82554665809033        69.924091121366445     
  0.83073681600000004        114.37870214282367        68.498350058329933     
  0.86780136799999996        111.89106198830757        66.893043280161379     
  0.90672683700000001        109.73378450977752        65.367142854215444     
  0.94761484900000004        108.69923473374165        64.137311387624010     
  0.99057292900000005        109.22868556229983        63.244779971685915     
   1.0357148599999999        109.79091640922427        62.306875121338052     
