   0.0000000000000000        10912.030018741907        1162.8522238329419     
   9.9999997500000001E-005   10989.298952844129        1325.6408492685334     
   2.0049999900000000E-004   10216.732749689396        1241.4545790642312     
   3.0152269800000001E-004   9561.0740922854820        934.86295513031143     
   4.0309113700000000E-004   9212.2062060675362        866.99257333967455     
   5.0522870200000005E-004   8572.2602777233842        772.40379792109195     
   6.0795911100000003E-004   7478.6588553306992        728.17440992665945     
   7.1130646399999997E-004   6809.3687084801913        601.66495968883555     
   8.1529526499999998E-004   6041.8426810067804        515.89744114678695     
   9.1995042700000003E-004   5386.8744942091153        462.63235237752809     
   1.0252973300000001E-003   4725.8995897413170        436.79822536023397     
   1.1313617000000000E-003   4296.1916671163908        398.41048314656126     
   1.2381698500000000E-003   3899.5434132887672        386.86725568380086     
   1.3457484299999999E-003   3590.8454044176260        366.42598634845388     
   1.4541246900000001E-003   3390.2997460310712        351.99895124710366     
   1.5633263400000000E-003   3143.4560107936745        347.43207828172353     
   1.6733816600000000E-003   3062.0665799439212        326.17114338191453     
   1.7843195200000000E-003   2912.7759742924482        329.46628324659804     
   1.8961693900000000E-003   2853.7404732985233        311.05583028637631     
   2.0089612799999998E-003   2773.9001820079561        313.93830000741497     
   2.1227260599999999E-003   2691.2495337202931        300.82248757659789     
   2.2374950299999998E-003   2644.6250250302742        295.19355273791103     
   2.3533001100000000E-003   2559.5635860494003        289.09457764741501     
   2.4701741099999999E-003   2523.4361491697382        273.20534872654173     
   2.5881503200000000E-003   2454.5177885556600        266.04595809903685     
   2.7072629900000002E-003   2390.0238528685741        251.65701103573087     
   2.8275472600000000E-003   2350.0284218842453        246.77133259322153     
   2.9490389900000001E-003   2295.4195217459155        238.64116906266824     
   3.0717747299999999E-003   2276.9922210456430        235.90651380422250     
   3.1957919699999999E-003   2219.6107519801512        233.42089588918944     
   3.3211291299999998E-003   2207.7916085168640        225.24887024629956     
   3.4478257900000002E-003   2155.6724281971824        224.99793945008224     
   3.5759222200000000E-003   2123.1359584297611        216.27628624328116     
   3.7054598799999999E-003   2089.1192472792218        210.16281265011824     
   3.8364811300000000E-003   2046.8674237991454        206.99044342769744     
   3.9690295200000003E-003   2029.9538727092522        200.75290477925290     
   4.1031497500000000E-003   1995.0162976565184        202.57590530607871     
   4.2388872200000002E-003   1974.8560228462213        198.22004080267882     
   4.3762889700000003E-003   1946.9151864289822        196.32707092489531     
   4.5154034200000004E-003   1908.2760849195063        190.07087726547132     
   4.6562799299999999E-003   1880.1002105674229        182.48504313243981     
   4.7989692500000000E-003   1832.1254795823663        175.89959666248348     
   4.9435240200000003E-003   1806.4396511650582        166.31207426892652     
   5.0899977800000001E-003   1768.7930288186326        161.38572195952889     
   5.2384454800000002E-003   1741.9411392804973        155.73656368796011     
   5.3889239200000001E-003   1714.9264251131137        151.11239388003594     
   5.5414913200000004E-003   1687.7052313567565        147.67101484082065     
   5.6962077499999996E-003   1661.7009414235267        143.97232483560222     
   5.8531346700000002E-003   1641.2853272826981        141.37565674269047     
   6.0123358899999996E-003   1620.2716904160986        141.25549571280789     
   6.1738765800000003E-003   1610.6312953825427        141.32597597948589     
   6.3378238099999996E-003   1596.9840234192127        143.78304480037164     
   6.5042464999999997E-003   1587.5952443784342        145.49128230521990     
   6.6732158899999996E-003   1572.6446057487344        146.39268798737697     
   6.8448055500000002E-003   1555.0834388092119        146.38815558750906     
   7.0190909300000002E-003   1534.1679700310947        144.29943137791690     
   7.1961497900000001E-003   1512.1484025831139        142.04201019038479     
   7.3760622200000001E-003   1484.5597995656181        138.47999289176911     
   7.5589106400000003E-003   1461.6354080398628        133.42261725279226     
   7.7447802800000003E-003   1432.5741468754100        129.71798861417145     
   7.9337591300000006E-003   1414.8230532368671        125.60996505382722     
   8.1259375399999993E-003   1396.7855219051103        124.87952815465638     
   8.3214081799999999E-003   1386.5944694036182        124.72314858688198     
   8.5202678999999996E-003   1378.1163848497754        125.95286250450928     
   8.7226154300000004E-003   1370.9097039809292        127.40966339054522     
   8.9285531999999997E-003   1363.3555410629165        128.36563088722059     
   9.1381864599999994E-003   1352.9940293004836        128.47957765292458     
   9.3516241800000004E-003   1339.5586764721293        127.16306439326398     
   9.5689790300000008E-003   1321.8667592546344        124.31780086768393     
   9.7903674500000003E-003   1301.9774590604759        120.34400727689601     
   1.0015909599999999E-002   1281.0608481253826        115.93305113553197     
   1.0245729199999999E-002   1262.4187047896553        112.18302300056000     
   1.0479954099999999E-002   1248.4956891453016        110.46020109007284     
   1.0718716300000000E-002   1239.3830639852358        110.66477918246594     
   1.0962152899999999E-002   1231.4324663647708        111.84771576717851     
   1.1210404300000001E-002   1220.4154159806217        112.25887073034482     
   1.1463617000000001E-002   1203.6878570020369        110.64683154280726     
   1.1721941600000001E-002   1181.3485146996668        106.66465019919136     
   1.1985533899999999E-002   1156.2391252256359        101.25232428110732     
   1.2254554799999999E-002   1132.7314246822773        96.276737701724173     
   1.2529172000000000E-002   1115.4538243756947        93.675762549762027     
   1.2809557799999999E-002   1103.8546537785087        93.285658800889507     
   1.3095890200000000E-002   1096.4070150421426        94.524168699129973     
   1.3388354300000000E-002   1089.8800192083386        96.311742650852040     
   1.3687141200000001E-002   1082.1602064747494        97.521341479316973     
   1.3992448300000000E-002   1071.4198728822842        97.421639028344117     
   1.4304480499999999E-002   1059.2000668005155        96.600827011205283     
   1.4623449199999999E-002   1048.1956833763998        95.951633969292217     
   1.4949574100000000E-002   1039.0491280230117        96.068153427398556     
   1.5283082599999999E-002   1030.7916436985518        96.275231955750328     
   1.5624210200000000E-002   1020.4808708763799        96.033984812206157     
   1.5973200999999999E-002   1007.4018979617377        94.636454391118377     
   1.6330307299999999E-002   993.08050607260679        92.808746065061897     
   1.6695789999999999E-002   980.33676275288701        91.754747877174680     
   1.7069920900000000E-002   970.22379923474637        91.361031460911448     
   1.7452981300000000E-002   958.59608558841808        90.468191607735662     
   1.7845263699999999E-002   943.36509818182856        87.545069121332858     
   1.8247069800000001E-002   925.67761369729180        83.406595605585181     
   1.8658712500000001E-002   910.11677657105781        80.459233756916916     
   1.9080517799999999E-002   898.10677254056691        79.128042548474554     
   1.9512822900000001E-002   886.41034919434469        78.108522599994913     
   1.9955977800000000E-002   873.04430624009285        76.050487595168505     
   2.0410345900000001E-002   858.27987183809034        73.142668911001408     
   2.0876303299999999E-002   843.29174234857635        70.156496340263814     
   2.1354241300000000E-002   829.64739011148617        67.739570064004369     
   2.1844565900000001E-002   819.42145181333979        66.865671972128624     
   2.2347699900000000E-002   812.38481859318324        67.029343453486675     
   2.2864081000000001E-002   806.13928122252412        67.906538709589796     
   2.3394163700000001E-002   799.31335269035992        68.515512816130098     
   2.3938419300000000E-002   790.83759777034936        68.575040636940983     
   2.4497339500000000E-002   780.09772437922788        67.904309085500230     
   2.5071434699999999E-002   767.44649132858979        66.379296181404783     
   2.5661233799999999E-002   754.68200210140003        64.309573868055679     
   2.6267288300000000E-002   742.24416440669199        61.856614072922312     
   2.6890169799999999E-002   728.33104997386431        59.759703039989979     
   2.7530474600000000E-002   715.92488834838139        57.997952066919417     
   2.8188820900000001E-002   706.43328161297859        56.707337499445799     
   2.8865853300000001E-002   699.00467956372631        56.309347364632835     
   2.9562240500000000E-002   693.53211474387263        56.914741842499879     
   3.0278678999999999E-002   688.66652785997280        57.930021266062425     
   3.1015893400000001E-002   683.59716582704323        58.832788615170678     
   3.1774640100000001E-002   678.83815869537978        59.974880932514679     
   3.2555703100000000E-002   674.55234505218880        61.413920912052554     
   3.3359900099999999E-002   669.27462389107598        62.550478203074903     
   3.4188080599999997E-002   659.42248486844971        62.026415150016497     
   3.5041131099999998E-002   642.83887070506603        58.495805200569613     
   3.5919975500000000E-002   624.72205448739430        53.567779207513254     
   3.6825574899999998E-002   612.08850090683745        50.877419322608439     
   3.7758927800000001E-002   605.36198815030673        50.588143470462512     
   3.8721077100000001E-002   599.60643878739370        51.112974786986683     
   3.9713110800000000E-002   589.68968446879410        49.992997201444751     
   4.0736161200000003E-002   575.39584609017720        46.327537888762102     
   4.1791409299999999E-002   563.30499693560205        43.512037186732201     
   4.2880088099999998E-002   557.52869379514971        43.337236324888323     
   4.4003479200000001E-002   555.39953662868231        45.033082325934572     
   4.5162923600000002E-002   552.74277897624631        46.557172079180020     
   4.6359814700000002E-002   547.82739928030082        47.108475753615757     
   4.7595608999999997E-002   541.30999786652671        46.986270375021817     
   4.8871826399999999E-002   533.86399577663894        46.575787931191172     
   5.0190053900000003E-002   525.80086427443212        45.913771788445317     
   5.1551945500000002E-002   516.83442694255552        45.092852441473894     
   5.2959229800000000E-002   505.45842792379352        43.333415132305049     
   5.4413709800000001E-002   491.80973359473057        40.305199004485068     
   5.5917270499999998E-002   480.34285364165544        37.613724252108568     
   5.7471878800000001E-002   473.64090385055925        36.987631376924796     
   5.9079591200000003E-002   470.28764653631896        37.599864021774721     
   6.0742553300000002E-002   468.55032164922994        38.916284475571942     
   6.2463007899999999E-002   466.84608470934029        40.411211189947636     
   6.4243294300000003E-002   461.70610893026219        40.996276885685823     
   6.6085867600000001E-002   451.38029194502838        39.016943233188805     
   6.7993283299999999E-002   440.50221792435639        36.506903193023220     
   6.9968223600000004E-002   433.88488716859894        35.946467251131693     
   7.2013482500000003E-002   429.18319311485112        36.787117764512757     
   7.4131987999999996E-002   419.43288677240190        35.754475946098403     
   7.6326802400000004E-002   404.75873994285212        31.446498159549797     
   7.8601129399999997E-002   394.49271669273821        29.118715294633432     
   8.0958321700000002E-002   392.55752246148205        29.786984722202853     
   8.3401888600000001E-002   393.18322698519927        32.789720597583901     
   8.5935503199999999E-002   387.30410562174410        33.371279342122314     
   8.8563010100000006E-002   375.83496285207758        30.471047678452340     
   9.1288432500000002E-002   367.89704425520819        29.012017415939614     
   9.4115980000000002E-002   364.94083536885017        29.586208809589841     
   9.7050070799999999E-002   361.42366479120955        30.343553429294715     
  0.10009532400000000        354.43807407567823        29.470773689872157     
  0.10325659099999999        346.29231488238429        28.091213511619131     
  0.10653894400000000        339.82409507312343        27.547475097006128     
  0.10994770399999999        333.80541129510596        27.326825171544968     
  0.11348844299999999        326.75561942638001        26.732365319456438     
  0.11716701100000000        319.36222063633750        25.385480428241546     
  0.12098953899999999        313.16550076930042        24.724487961170393     
  0.12496244900000000        307.82395595936157        24.412514672459835     
  0.12909248500000001        301.72254752106346        24.023646568570662     
  0.13338671599999999        295.05464435638936        23.190136222414022     
  0.13785256400000001        289.25005904076090        22.553664709911178     
  0.14249782300000000        284.14886012281090        22.504562961811249     
  0.14733065700000000        278.81867982363286        22.422952475027007     
  0.15235965000000001        273.04590262028000        21.930474514228134     
  0.15759381700000000        267.32480391455073        21.440925122423849     
  0.16304262000000000        261.57538138786686        21.054146106168677     
  0.16871598400000001        255.43448876318143        20.385756977601460     
  0.17462435400000001        249.38933444512108        19.600497420840728     
  0.18077869699999999        243.94560346655351        18.990362906022458     
  0.18719053299999999        239.06643347496876        18.490477705464567     
  0.19387197500000000        233.84672143305360        17.979322550629607     
  0.20083575000000001        227.81225796407213        17.156030532458210     
  0.20809523799999999        221.80002457413102        16.539537633535982     
  0.21566450600000001        216.34255377740598        16.188865102845845     
  0.22355835099999999        210.93816894321404        15.946555239859885     
  0.23179234600000001        205.53547851036049        15.679747370113054     
  0.24038286500000000        200.22071564090828        15.377898832535351     
  0.24934713500000000        194.93447600651527        15.071247394339792     
  0.25870329100000000        189.50801897372384        14.677032532100757     
  0.26847040700000002        184.06144380337386        14.183339635673894     
  0.27866858200000000        178.97567115582808        13.776087926937628     
  0.28931897899999998        174.10130348985393        13.437184531633442     
  0.30044385800000001        169.12626030261256        13.097606245958959     
  0.31206670399999997        163.88676701299366        12.681496341385634     
  0.32421222300000002        158.63999798362661        12.296623713691210     
  0.33690646299999999        153.63698110549919        12.015623121974540     
  0.35017687100000000        148.79446422367150        11.692163328627837     
  0.36405235499999999        143.90527767099286        11.194783426352259     
  0.37856340399999999        138.91485058334499        10.512291756427345     
  0.39374217400000000        133.96681507721706        9.8387451994940207     
  0.40962258000000001        129.09578323965894        9.3673870634567997     
  0.42624035500000002        124.23923063839976        9.0724104409956077     
  0.44363322900000002        119.46276801590432        8.8790573029755215     
  0.46184098699999998        114.84107554459582        8.7331686146822491     
  0.48090562199999998        110.33828099746003        8.5304356888765192     
  0.50087148000000004        105.88621448160421        8.1916409065715481     
  0.52178531900000003        101.44897993049571        7.7456571330524033     
  0.54369652300000004        97.024627711740152        7.2387356938993239     
  0.56665724500000003        92.619110599835963        6.8261450690611278     
  0.59072256099999998        88.337734477104917        6.5238593510149041     
  0.61595070399999996        84.169991955320327        6.2603368030133737     
  0.64240312600000005        80.207048803635757        6.0101511200608231     
  0.67014479599999999        76.498608107507167        5.7158246256124441     
  0.69924438000000000        72.887621319383143        5.3934756584250412     
  0.72977441499999995        69.528399641329500        5.0838670040063736     
  0.76181161399999997        66.111647849582468        4.7660002024083710     
  0.79543715699999995        63.081583952914379        4.4470688319966944     
  0.83073681600000004        60.112775998212740        4.0886418469548138     
  0.86780136799999996        57.850174654587796        3.8234745763807463     
  0.90672683700000001        56.021850009629716        3.5847256545530444     
  0.94761484900000004        55.937622354781986        3.2599322926643222     
  0.99057292900000005        55.404987661905594        2.9806676924232511     
   1.0357148599999999        54.842545068458058        2.6872061756427605     
