   0.0000000000000000        14987.538043766715       -1.8189902041812577E-012
   9.9999997500000001E-005   14870.343457623754       -197.56147900593152     
   2.0049999900000000E-004   2617.1642322159332        8462.9021542359133     
   3.0152269800000001E-004   5199.1946940268654        3902.4738002178565     
   4.0309113700000000E-004   7250.5423849171457        818.01851175840898     
   5.0522870200000005E-004   3627.0743398062227        2087.3382312232648     
   6.0795911100000003E-004   3722.7002702422201        1237.6839826875948     
   7.1130646399999997E-004   4093.9292069431144        738.45477940563308     
   8.1529526499999998E-004   3230.5269631308520        802.18829679957469     
   9.1995042700000003E-004   3194.0351947727740        1034.8779830867702     
   1.0252973300000001E-003   3316.4807871252510        1314.8499915029427     
   1.1313617000000000E-003   2742.6742097899778        1571.3209093821042     
   1.2381698500000000E-003   2798.5424701712805        1579.8235395566448     
   1.3457484299999999E-003   2768.3403503806157        1614.6381642011120     
   1.4541246900000001E-003   2571.5201124986129        1534.7018572805612     
   1.5633263400000000E-003   2544.1018077008944        1529.3616351726580     
   1.6733816600000000E-003   2476.8809750438745        1531.1193873272957     
   1.7843195200000000E-003   2357.0886804896882        1487.0406176340689     
   1.8961693900000000E-003   2340.2114303968692        1476.2909337157998     
   2.0089612799999998E-003   2294.5921705340379        1472.5546408649618     
   2.1227260599999999E-003   2246.8717681239327        1446.2626340054280     
   2.2374950299999998E-003   2218.3981876372472        1412.1455678206587     
   2.3533001100000000E-003   2173.8686892316273        1385.2253981663164     
   2.4701741099999999E-003   2122.8924547214979        1357.4099346427577     
   2.5881503200000000E-003   2066.8343958825035        1327.4317884510426     
   2.7072629900000002E-003   2016.3403840949361        1298.2342262382472     
   2.8275472600000000E-003   1967.8474409373332        1268.9693136675196     
   2.9490389900000001E-003   1931.4827165509182        1242.4340893052458     
   3.0717747299999999E-003   1891.7912389782118        1224.2502616438799     
   3.1957919699999999E-003   1858.1365423673556        1208.4115158301165     
   3.3211291299999998E-003   1823.0625366556619        1191.0236470786158     
   3.4478257900000002E-003   1795.1155191195264        1171.3993580250999     
   3.5759222200000000E-003   1763.7781510198590        1153.4192155462022     
   3.7054598799999999E-003   1735.1305732183237        1137.0497529915153     
   3.8364811300000000E-003   1703.9160333997650        1121.6208470502061     
   3.9690295200000003E-003   1675.0839520256511        1105.6082175640765     
   4.1031497500000000E-003   1644.1744074553581        1088.1919986291339     
   4.2388872200000002E-003   1614.9342831855938        1069.3564412195617     
   4.3762889700000003E-003   1584.8721139487961        1048.5921662791086     
   4.5154034200000004E-003   1556.8413908953858        1028.3791592075452     
   4.6562799299999999E-003   1529.0094042651344        1009.2188001924408     
   4.7989692500000000E-003   1504.7482563401065        991.48651094709987     
   4.9435240200000003E-003   1481.1317431237217        975.28253858047287     
   5.0899977800000001E-003   1461.6793898211108        960.03424756871016     
   5.2384454800000002E-003   1442.4983818539913        946.11187036215790     
   5.3889239200000001E-003   1426.5140360870807        933.10135288217646     
   5.5414913200000004E-003   1410.0835409129616        921.32690087104515     
   5.6962077499999996E-003   1395.3430417838842        910.33611030866541     
   5.8531346700000002E-003   1379.7495837014453        900.35656450760871     
   6.0123358899999996E-003   1364.6141248465549        890.64677260042163     
   6.1738765800000003E-003   1348.5211043677045        881.10370614303747     
   6.3378238099999996E-003   1333.1313872698806        871.48160928798688     
   6.5042464999999997E-003   1317.1516574914881        862.50148917853642     
   6.6732158899999996E-003   1302.1071701815279        853.82537929797661     
   6.8448055500000002E-003   1286.6114414708265        845.48130416086019     
   7.0190909300000002E-003   1271.6853124465815        836.77291012419937     
   7.1961497900000001E-003   1255.8188317805011        827.15951767846082     
   7.3760622200000001E-003   1239.3367822368232        816.69497035282336     
   7.5589106400000003E-003   1221.7607994683442        804.40593808375820     
   7.7447802800000003E-003   1203.8183346333844        791.56344531608829     
   7.9337591300000006E-003   1185.5387082434140        777.79592711369685     
   8.1259375399999993E-003   1168.2507126284193        764.47730740712450     
   8.3214081799999999E-003   1151.8601764349155        751.98126505835080     
   8.5202678999999996E-003   1137.4132840709121        740.77150069546997     
   8.7226154300000004E-003   1124.1944683771887        731.31001544291678     
   8.9285531999999997E-003   1112.4142659015440        722.87711006055838     
   9.1381864599999994E-003   1101.1591236925976        715.45517390784892     
   9.3516241800000004E-003   1090.2147076332062        708.34895725069850     
   9.5689790300000008E-003   1079.1192193470320        701.35409201640084     
   9.7903674500000003E-003   1067.9583913433128        694.30818974763179     
   1.0015909599999999E-002   1056.7066372565005        687.34053748634869     
   1.0245729199999999E-002   1045.4830870630146        680.46498602057636     
   1.0479954099999999E-002   1034.6957638508707        673.41447250625743     
   1.0718716300000000E-002   1023.8049509154567        666.10211246946267     
   1.0962152899999999E-002   1012.7626118409038        658.21570808751926     
   1.1210404300000001E-002   1001.2976393593192        649.63003672117247     
   1.1463617000000001E-002   989.54027792973113        640.73982295043322     
   1.1721941600000001E-002   977.52201221651603        631.72961302965632     
   1.1985533899999999E-002   965.51906078576917        623.24464236043866     
   1.2254554799999999E-002   953.88105988867005        615.43475163313769     
   1.2529172000000000E-002   943.06956151784448        608.30454526357084     
   1.2809557799999999E-002   932.62562049267569        601.67016040595161     
   1.3095890200000000E-002   923.29917711277199        595.20041752456541     
   1.3388354300000000E-002   914.06570149097388        588.79390299363797     
   1.3687141200000001E-002   905.20176025598437        582.40053480006270     
   1.3992448300000000E-002   895.96673702305964        575.93609859650394     
   1.4304480499999999E-002   886.74342426048679        569.47270151895077     
   1.4623449199999999E-002   877.06708884615830        563.04492042631784     
   1.4949574100000000E-002   867.27872998690975        556.74125563187874     
   1.5283082599999999E-002   857.41017107083007        550.69378298251866     
   1.5624210200000000E-002   847.63681708632271        544.91116270617852     
   1.5973200999999999E-002   837.95864489198402        539.14507184794479     
   1.6330307299999999E-002   828.32125804499185        533.20743998825617     
   1.6695789999999999E-002   818.62009644470322        526.70689854900695     
   1.7069920900000000E-002   809.11243307451127        519.94778816038831     
   1.7452981300000000E-002   799.74519841444294        512.98016009091725     
   1.7845263699999999E-002   790.89241114142101        506.25632488622006     
   1.8247069800000001E-002   782.39469245069665        500.14101267625239     
   1.8658712500000001E-002   774.29618667967316        494.54854215079263     
   1.9080517799999999E-002   766.16083265747216        489.12426781666221     
   1.9512822900000001E-002   757.76198790972285        483.33379192597874     
   1.9955977800000000E-002   749.19979284235217        477.36221836687520     
   2.0410345900000001E-002   740.66138940029089        471.55098231199037     
   2.0876303299999999E-002   732.36862790824387        466.13832857466588     
   2.1354241300000000E-002   724.27779150096819        461.04206101922574     
   2.1844565900000001E-002   716.24962907968870        456.06065446390966     
   2.2347699900000000E-002   708.05529430346564        450.75094637620873     
   2.2864081000000001E-002   699.82040448420923        445.23248638527900     
   2.3394163700000001E-002   691.53985736425113        439.65489501077553     
   2.3938419300000000E-002   683.35876062344221        434.18066335809982     
   2.4497339500000000E-002   675.25037355694735        428.79168607770197     
   2.5071434699999999E-002   667.22599379078611        423.48489566948973     
   2.5661233799999999E-002   659.16967042236604        418.16721497777360     
   2.6267288300000000E-002   651.17492532086476        412.90133865098454     
   2.6890169799999999E-002   643.26633573635070        407.69407166203450     
   2.7530474600000000E-002   635.51882528280555        402.53998151827562     
   2.8188820900000001E-002   628.03252201960072        397.38052084977573     
   2.8865853300000001E-002   620.92205686839907        392.55866226608572     
   2.9562240500000000E-002   614.30893313550860        388.16842887335775     
   3.0278678999999999E-002   607.71652984571801        383.92734368071081     
   3.1015893400000001E-002   600.88532003670468        379.53894895946371     
   3.1774640100000001E-002   593.48849096670017        374.59724320179691     
   3.2555703100000000E-002   585.68103971556070        369.17963972567031     
   3.3359900099999999E-002   577.86642875174277        363.68924055122199     
   3.4188080599999997E-002   570.49720928204999        358.75900998940739     
   3.5041131099999998E-002   563.90570458606226        354.17060924921930     
   3.5919975500000000E-002   557.29436134722005        349.88961401035903     
   3.6825574899999998E-002   550.65206918325282        345.77888607616677     
   3.7758927800000001E-002   543.35316321987125        341.42983944281406     
   3.8721077100000001E-002   535.75892997573033        336.78372005354038     
   3.9713110800000000E-002   528.13100487512372        331.98685370404866     
   4.0736161200000003E-002   521.22061898283425        327.08861527767323     
   4.1791409299999999E-002   514.58260342767096        322.64780258718235     
   4.2880088099999998E-002   508.31413011180524        318.68212939678705     
   4.4003479200000001E-002   502.41298119998510        314.95480270003537     
   4.5162923600000002E-002   496.34214780455954        310.85284748143971     
   4.6359814700000002E-002   490.00961589168782        306.28454849447917     
   4.7595608999999997E-002   483.32821036815665        301.71247854333666     
   4.8871826399999999E-002   476.80910606978154        297.57411650954316     
   5.0190053900000003E-002   470.39260699587066        293.56708111133713     
   5.1551945500000002E-002   464.00604413828052        289.49070005523629     
   5.2959229800000000E-002   457.42477606116876        285.17099966165051     
   5.4413709800000001E-002   451.24853306684776        281.17924796510721     
   5.5917270499999998E-002   445.55229037139708        277.34959828272673     
   5.7471878800000001E-002   439.63328023312960        273.53726533219560     
   5.9079591200000003E-002   433.18819027258667        269.40138572604224     
   6.0742553300000002E-002   426.99410948147835        265.56036015911678     
   6.2463007899999999E-002   421.18635129229062        261.53918004274090     
   6.4243294300000003E-002   415.34063651998326        257.70269301138649     
   6.6085867600000001E-002   408.76750751425197        253.76055869587250     
   6.7993283299999999E-002   402.59956150927366        250.16471143932961     
   6.9968223600000004E-002   397.31663768379093        246.37201450017986     
   7.2013482500000003E-002   392.42225531212495        242.89251877400466     
   7.4131987999999996E-002   387.20318902113814        239.34691031339517     
   7.6326802400000004E-002   381.80013481337375        235.94869750179541     
   7.8601129399999997E-002   376.08021885703505        232.33413723191870     
   8.0958321700000002E-002   369.79890332222362        228.48915769314820     
   8.3401888600000001E-002   363.49433034755441        224.86882502414969     
   8.5935503199999999E-002   357.31489721742349        221.02906797919044     
   8.8563010100000006E-002   351.56276328429556        217.57812333422382     
   9.1288432500000002E-002   347.17728082630725        214.17459024042603     
   9.4115980000000002E-002   343.33327315118498        211.09370280914229     
   9.7050070799999999E-002   338.55206314919491        207.79719128986167     
  0.10009532400000000        331.95756056629091        203.90370613478098     
  0.10325659099999999        325.34084326885153        200.53542120957499     
  0.10653894400000000        320.21335326282247        197.28367543544718     
  0.10994770399999999        316.38979144846047        194.44220606595863     
  0.11348844299999999        311.99553223146802        191.71082547441301     
  0.11716701100000000        306.49721862262641        188.58888320708181     
  0.12098953899999999        300.43562918854565        185.07692324126012     
  0.12496244900000000        295.54459438120170        181.73724052094644     
  0.12909248500000001        292.00028660635189        178.43066659848589     
  0.13338671599999999        288.36724679138490        175.58234475754367     
  0.13785256400000001        282.91314016503571        172.53485163655168     
  0.14249782300000000        277.28260486325297        169.82610782415091     
  0.14733065700000000        272.71261622728463        167.18040395310999     
  0.15235965000000001        268.57363281153346        163.88659324654299     
  0.15759381700000000        263.77832555940910        160.81626585181846     
  0.16304262000000000        258.79191233433744        157.93035669137140     
  0.16871598400000001        254.40750175016638        155.40900158512676     
  0.17462435400000001        250.63634909363844        153.12594764711972     
  0.18077869699999999        246.48288747052729        150.40224563936422     
  0.18719053299999999        241.60570783779824        147.33212854391979     
  0.19387197500000000        236.83895987853148        144.54052805728804     
  0.20083575000000001        233.29270301642626        141.96785822152469     
  0.20809523799999999        230.04571927831489        139.43560466466468     
  0.21566450600000001        226.11125023159892        136.74745748783261     
  0.22355835099999999        221.59010260242496        134.02707093859200     
  0.23179234600000001        216.83722327491012        131.42978901273113     
  0.24038286500000000        212.57839250178597        129.30029813964322     
  0.24934713500000000        208.70059924420380        127.08227829575409     
  0.25870329100000000        205.21354693080985        124.82085213990153     
  0.26847040700000002        201.86689504147154        122.36241676191499     
  0.27866858200000000        198.33386108924179        120.00798796544474     
  0.28931897899999998        194.27794210636574        117.51834156243054     
  0.30044385800000001        190.23351474842343        115.10141399960843     
  0.31206670399999997        186.78513647775469        112.90724722929419     
  0.32421222300000002        183.51066559227505        110.72178238063739     
  0.33690646299999999        179.89345640088729        108.72883349655393     
  0.35017687100000000        176.05675310632213        106.70944277960560     
  0.36405235499999999        172.69623536712129        104.82456378312872     
  0.37856340399999999        169.90982874511752        102.76462562701752     
  0.39374217400000000        166.70149997664288        100.50117991467164     
  0.40962258000000001        163.15399200518499        98.196411669990084     
  0.42624035500000002        159.48050472683460        95.885811282379336     
  0.44363322900000002        156.10786025081623        93.896501721036245     
  0.46184098699999998        153.30694297676561        92.065396351359993     
  0.48090562199999998        150.34232449788939        90.304152644820675     
  0.50087148000000004        147.09142334077549        88.366047815682762     
  0.52178531900000003        143.79854048926225        86.486564160658617     
  0.54369652300000004        140.87849086015117        84.905959902100363     
  0.56665724500000003        138.39376992009767        83.467879617838818     
  0.59072256099999998        135.84834135245350        81.826950077761879     
  0.61595070399999996        133.00781202365224        80.125929389926895     
  0.64240312600000005        129.94717231681295        78.310216991930915     
  0.67014479599999999        127.14474895901158        76.689208123161464     
  0.69924438000000000        124.69078606752426        74.981593525442307     
  0.72977441499999995        122.22537712962963        73.079021123100176     
  0.76181161399999997        119.65687693440297        71.402070499871371     
  0.79543715699999995        116.92791802344496        69.761274465801009     
  0.83073681600000004        114.59950848170914        68.507120861081845     
  0.86780136799999996        112.36184416336938        67.087597476653158     
  0.90672683700000001        110.90632443089420        65.956862651666711     
  0.94761484900000004        109.96041225045569        64.283086218423705     
  0.99057292900000005        110.33748411078786        63.303967170822247     
   1.0357148599999999        110.73465072291492        62.275072851337896     
