 0.000000000000000E+00 1.024104333943894 0.000000000000000E+00 0.000000000000000E+00 1.000000000000000 1.913042376499481E-03
 9.999999750000000E-05 1.006916633739898 1.292650795313386E-02 1.442663256997491E-05 1.017047198790860 1.911249346117894E-03
 2.004999990000000E-04 0.9914256600789143 2.558853115826250E-02 2.340409638232272E-06 1.032940427124340 1.911400379678103E-03
 3.015095720000000E-04 0.9763201876263470 3.833418562120123E-02 1.886922488507766E-05 1.048920896637245 1.911321159529478E-03
 4.030384010000000E-04 0.9626437895819261 5.083142781203188E-02 8.938690971071009E-06 1.063828450764801 1.911734230896660E-03
 5.050962790000000E-04 0.9492654609589092 6.342954660587354E-02 2.754931107424008E-05 1.078816628921349 1.911378138346081E-03
 6.076931600000000E-04 0.9371229293372003 7.579338168277151E-02 1.961325926109685E-05 1.092804061119495 1.912043091102378E-03
 7.108391150000000E-04 0.9252160463378361 8.827156754415426E-02 4.027979283797622E-05 1.106859303707662 1.911427684813698E-03
 8.145443280000000E-04 0.9143875554365560 0.1005283045828683 3.429891542126555E-05 1.119979613519815 1.912334995647799E-03
 9.188191620000000E-04 0.9037502748469906 0.1129096764328989 5.697111871813913E-05 1.133149854984838 1.911467689315455E-03
 1.023674030000000E-03 0.8940616829460597 0.1250815460525649 5.290004008467898E-05 1.145445451527493 1.912610167903186E-03
 1.129119540000000E-03 0.8845329154150827 0.1373855735588201 7.754843776335421E-05 1.157769140023986 1.911501016113443E-03
 1.235166450000000E-03 0.8758445558874205 0.1494914828146985 7.536292558125528E-05 1.169273894032969 1.912870986512718E-03
 1.341825700000000E-03 0.8672942830233960 0.1617346560414923 1.019753894098471E-04 1.180781774840026 1.911530382299434E-03
 1.449108360000000E-03 0.8594929934715715 0.1737907705115480 1.016702901655376E-04 1.191522579443019 1.913119729718134E-03
 1.557025590000000E-03 0.8518153255393788 0.1859870613763044 1.302500603649787E-04 1.202239037932644 1.911558529582915E-03
 1.665588700000000E-03 0.8448086885748789 0.1980071753263181 1.318373229815648E-04 1.212236962003166 1.913358580308709E-03
 1.774809210000000E-03 0.8379167558607754 0.2101683750755819 1.624016720059848E-04 1.222181081006987 1.911587815221450E-03
 1.884698870000000E-03 0.8316287952410910 0.2221642549440787 1.659084622690703E-04 1.231452349186268 1.913589964332361E-03
 1.995269440000000E-03 0.8254508998876798 0.2343002777639175 1.984878390386023E-04 1.240638804328173 1.911620433989348E-03
 2.106532920000000E-03 0.8198188850302036 0.2462818502759216 2.039547693263215E-04 1.249195531642891 1.913816502872000E-03
 2.218501640000000E-03 0.8142956278642971 0.2584008963995135 2.385925381872543E-04 1.257635273284420 1.911659085985996E-03
 2.331187950000000E-03 0.8092675894204621 0.2703764580080910 2.460720269958510E-04 1.265486135644063 1.914040828387869E-03
 2.444604180000000E-03 0.8043496554807075 0.2824851337320398 2.828235728150237E-04 1.273186976412607 1.911706812698754E-03
 2.558763140000000E-03 0.7998825341491077 0.2944613485068565 2.923785672566662E-04 1.280337677318468 1.914265547625321E-03
 2.673677870000000E-03 0.7955289553334849 0.3065647813674984 3.313109924688071E-04 1.287304831258211 1.911767270364524E-03
 2.789361400000000E-03 0.7915870679575844 0.3185468728816115 3.430135314038576E-04 1.293758658570289 1.914493903364471E-03
 2.905827020000000E-03 0.7877638303643325 0.3306487214424838 3.842061499587482E-04 1.299995173724969 1.911839484819627E-03
 3.023088210000000E-03 0.7843177533293767 0.3426403972194971 3.981347264301191E-04 1.305753372409285 1.914726305579933E-03
 3.141158730000000E-03 0.7809967663447103 0.3547428737632347 4.416752527131575E-04 1.311260564466554 1.911925451088739E-03
 3.260052300000000E-03 0.7780223480525895 0.3667463692621271 4.579206862728959E-04 1.316322762495279 1.914962418384778E-03
 3.379783130000000E-03 0.7751805822902783 0.3788501842972285 5.039041160466928E-04 1.321100620223928 1.912027622954927E-03
 3.500365650000000E-03 0.7726581989255312 0.3908662579910037 5.225656227350235E-04 1.325465229654272 1.915204530403607E-03
 3.621814310000000E-03 0.7702769533762733 0.4029706755698566 5.710932184470441E-04 1.329512802029201 1.912148462048051E-03
 3.744143990000000E-03 0.7681910024788747 0.4149987273696443 5.922755488643489E-04 1.333177202904436 1.915454919138185E-03
 3.867369610000000E-03 0.7662554218560462 0.4271015896230881 6.434500924006991E-04 1.336492801159954 1.912290092094419E-03
 3.991506530000000E-03 0.7645937293968884 0.4391394436651548 6.672585524104036E-04 1.339453850231127 1.915715452637968E-03
 4.116570110000000E-03 0.7630923720569235 0.4512369781143361 7.211654460678307E-04 1.342035447766064 1.912461366688996E-03
 4.242576190000000E-03 0.7618461885345115 0.4632806271126693 7.478131924862555E-04 1.344289725031892 1.916032008067756E-03
 4.369540610000000E-03 0.7607700437573829 0.4753681045854162 8.050742439355579E-04 1.346136495724248 1.912723869487789E-03
 4.497479650000000E-03 0.7599289747951099 0.4874154957200948 8.351466048394040E-04 1.347686294191040 1.916338403969687E-03
 4.626410080000000E-03 0.7592677620773256 0.4994902189275445 8.949419920734300E-04 1.348802528554833 1.912879153973500E-03
 4.756348670000000E-03 0.7588300961554543 0.5115309748817078 9.272947937197191E-04 1.349641241208520 1.916539114414935E-03
 4.887312190000000E-03 0.7585846640936865 0.5235789255089628 9.890031321152812E-04 1.350020193207244 1.913064665381851E-03
 5.019317850000000E-03 0.7585548052759596 0.5355943293511586 1.024264077155009E-03 1.350136984068822 1.916896590967985E-03
 5.152383350000000E-03 0.7587235692678438 0.5476028796334766 1.089343970358739E-03 1.349779729096594 1.913467760758012E-03
 5.286526870000000E-03 0.7590978049511774 0.5595829373136594 1.128833545028358E-03 1.349178905033081 1.917360737860687E-03
 5.421766550000000E-03 0.7596729283002255 0.5715480367953254 1.197137891042286E-03 1.348099181241875 1.913845448662790E-03
 5.558120550000000E-03 0.7604520234458330 0.5834784683372567 1.239872525077607E-03 1.346783644229389 1.917805349046967E-03
 5.695607980000000E-03 0.7614343933664979 0.5953845840521489 1.311535661723399E-03 1.344987770420114 1.914281512317288E-03
 5.834247920000000E-03 0.7626195974776392 0.6072489787140167 1.357572294364419E-03 1.342963992958481 1.918306328330175E-03
 5.974059920000000E-03 0.7640101748842306 0.6190779247065628 1.432654249696974E-03 1.340461510355708 1.914780393051136E-03
 6.115063560000000E-03 0.7656032246625764 0.6308569228707562 1.482042402814969E-03 1.337739653919844 1.918872444446964E-03
 6.257278840000000E-03 0.7674033140924200 0.6425877374764545 1.560583843056270E-03 1.334543907466826 1.915350586657964E-03
 6.400726270000000E-03 0.7694060461134529 0.6542589738822656 1.613352397958284E-03 1.331138292437939 1.919511937689521E-03
 6.545426790000000E-03 0.7716165325900791 0.6658679325500629 1.695365283823129E-03 1.327267590487656 1.916001269148745E-03
 6.691401360000000E-03 0.7740302896457298 0.6774060462604712 1.751521060932445E-03 1.323197506637869 1.920234073128375E-03
 6.838671860000000E-03 0.7766511825774186 0.6888665607871912 1.836983996542498E-03 1.318675576533709 1.916741742132115E-03
 6.987260190000000E-03 0.7794760728815983 0.7002431341124931 1.896508060043897E-03 1.313966214076994 1.921049559352127E-03
 7.137188690000000E-03 0.7825065948778466 0.7115263248798990 1.985359034867210E-03 1.308821574727372 1.917580455760081E-03
 7.288479710000000E-03 0.7857411896659967 0.7227101969296306 2.048190495886443E-03 1.303504029474813 1.921968797933342E-03
 7.441156540000000E-03 0.7891783739201906 0.7337840885859149 2.140317833111406E-03 1.297771830159103 1.918528781300875E-03
 7.595242470000000E-03 0.7928186811396214 0.7447412613210701 2.206347898544097E-03 1.291884091626475 1.923003310203176E-03
 7.750761700000000E-03 0.7966565030723892 0.7555709513425738 2.301579961954887E-03 1.285606722983335 1.919599703036311E-03
 7.907737979999999E-03 0.8006950175839940 0.7662646801623995 2.370642935851769E-03 1.279194292445527 1.924166387540950E-03
 8.066195990000000E-03 0.8049234043379970 0.7768124660927214 2.468737033854550E-03 1.272421920789224 1.920808272694841E-03
 8.226160890000001E-03 0.8093480603602921 0.7872034426371373 2.540603433157003E-03 1.265538299698695 1.925473664507998E-03
 8.387658750000001E-03 0.8139518955047037 0.7974293641156946 2.641242300979127E-03 1.258329099567707 1.922171092211284E-03
 8.550715630000000E-03 0.8187450147812829 0.8074762599443963 2.715604636123499E-03 1.251035984442907 1.926942505922615E-03
 8.715358560000001E-03 0.8237030724941961 0.8173384922205068 2.818394545632548E-03 1.243456208021358 1.923706274537714E-03
 8.881614540000001E-03 0.8288401832721578 0.8269985099456727 2.894858079661711E-03 1.235823587768366 1.928591188729188E-03
 9.049510580000000E-03 0.8341240320275888 0.8364538804809469 2.999321831672350E-03 1.227947419634469 1.925432760585473E-03
 9.219074620000000E-03 0.8395727369444651 0.8456834760314365 3.077403943571626E-03 1.220053343619225 1.930438485764987E-03
 9.390335530000000E-03 0.8451457781400786 0.8546884754067056 3.182979138890660E-03 1.211962335173030 1.927369113990253E-03
 9.563322180000000E-03 0.8508649920181967 0.8634445821454183 3.262105220981408E-03 1.203891980971119 1.932503236489086E-03
 9.738064370000001E-03 0.8566817334555852 0.8719565954685469 3.368149410608272E-03 1.195674051812080 1.929533282082200E-03
 9.914591909999999E-03 0.8626210651299799 0.8801977734840022 3.447651072395020E-03 1.187518563545217 1.934803821190347E-03
 1.009293550000000E-02 0.8686267142995292 0.8881764472074728 3.553446930688270E-03 1.179266602123337 1.931942371870193E-03
 1.027312690000000E-02 0.8747264011328195 0.8958644314624414 3.632570415752084E-03 1.171121278317244 1.937357227976991E-03
 1.045519770000000E-02 0.8808570986262964 0.9032733880693329 3.737333197550345E-03 1.162931100442971 1.934612304641396E-03
 1.063918040000000E-02 0.8870485273173083 0.9103747626698468 3.815258305573669E-03 1.154893123636803 1.940178137373945E-03
 1.082510870000000E-02 0.8932322002233193 0.9171833254948174 3.918146701071192E-03 1.146861058019742 1.937557635350650E-03
 1.101301610000000E-02 0.8994392387854206 0.9236713645628005 3.994016215665231E-03 1.139026706283456 1.943278861575895E-03
 1.120293700000000E-02 0.9055972884508235 0.9298564077999234 4.094149335259463E-03 1.131246719271296 1.940790598490160E-03
 1.139490590000000E-02 0.9117383375442001 0.9357127675358747 4.167076849637533E-03 1.123708356011339 1.946665745579694E-03
 1.158895900000000E-02 0.9177882975963203 0.9412604505515766 4.263535808966152E-03 1.116268802755148 1.944320963534113E-03
 1.178513280000000E-02 0.9237795440586875 0.9464768875099747 4.332660189074241E-03 1.109111374857589 1.950349220337109E-03
 1.198346450000000E-02 0.9296384871456262 0.9513841808892988 4.424558509331244E-03 1.102091654117123 1.948160161052651E-03
 1.218399130000000E-02 0.9353975089149251 0.9559636871185082 4.489079249481049E-03 1.095389594526095 1.954341111987201E-03
 1.238675140000000E-02 0.9409858531759157 0.9602392615824185 4.575612941839446E-03 1.088857198019276 1.952319005151258E-03
 1.259178480000000E-02 0.9464357408036584 0.9641967141065048 4.634824601101600E-03 1.082671510066957 1.958651799780674E-03
 1.279913080000000E-02 0.9516814464386629 0.9678613306734125 4.715331421898437E-03 1.076679324750657 1.956804534072074E-03
 1.300883010000000E-02 0.9567548235432303 0.9712232477505274 4.768670466391772E-03 1.071055402540962 1.963287512944592E-03
 1.322092490000000E-02 0.9615971790238723 0.9743090656137375 4.842726670263944E-03 1.065639866333390 1.961610263616226E-03
 1.343545690000000E-02 0.9662402309223249 0.9771135516482006 4.889890409355052E-03 1.060605585875189 1.968237001075419E-03
 1.365247000000000E-02 0.9706332938314152 0.9796637920098671 4.957264141083186E-03 1.055785507958716 1.966711521384281E-03
 1.387200780000000E-02 0.9748080590164627 0.9819583210943911 4.998053689408450E-03 1.051351127431266 1.973456498098581E-03
 1.409411520000000E-02 0.9787221779607064 0.9840244353016169 5.058729340856909E-03 1.047128437232003 1.972049578753709E-03
 1.431883780000000E-02 0.9824089306223296 0.9858640643888188 5.093130841291708E-03 1.043286423281338 1.978880907032867E-03
 1.454622300000000E-02 0.9858335152447408 0.9875033465932842 5.147238180604832E-03 1.039645270627559 1.977551726217155E-03
 1.477631830000000E-02 0.9890304481704130 0.9889468027503411 5.175310683380622E-03 1.036372572310750 1.984446798732164E-03
 1.500917230000000E-02 0.9919707380110794 0.9902188280262927 5.223158792094362E-03 1.033284518150267 1.983175082931967E-03
 1.524483410000000E-02 0.9946924544491181 0.9913264480655315 5.245255379215609E-03 1.030545031465712 1.990108473728028E-03
 1.548335510000000E-02 0.9971690446919429 0.9922910608905172 5.287235285595572E-03 1.027970100713144 1.988885976190982E-03
 1.572478560000000E-02 0.9994437721612300 0.9931217335051324 5.303850196429994E-03 1.025718051421270 1.995834800503202E-03
 1.596917960000000E-02 1.001489968778790 0.9938361847064995 5.340420932591875E-03 1.023607594449249 1.994661730691278E-03
 1.621659100000000E-02 1.003356730407443 0.9944449542861747 5.352132043208461E-03 1.021790348316966 2.001605003904217E-03
 1.646707390000000E-02 1.005015115270541 0.9949616591632670 5.383837810844552E-03 1.020090244076128 2.000485256867043E-03
 1.672068420000000E-02 1.006520175669964 0.9953978196055707 5.391264199710824E-03 1.018651413696851 2.007396814334203E-03
 1.697747970000000E-02 1.007838817921297 0.9957628773300135 5.418737020679680E-03 1.017305205607054 2.006323482872575E-03
 1.723751800000000E-02 1.009031884787257 0.9960686978448544 5.422542258977175E-03 1.016187838684920 2.013169060804284E-03
 1.750085880000000E-02 1.010060873547694 0.9963210316936603 5.446457686620402E-03 1.015139376928014 2.012108399410402E-03
 1.776756160000000E-02 1.010991831822542 0.9965312768973947 5.447330696820274E-03 1.014288598198216 2.018848245169270E-03
 1.803768800000000E-02 1.011780350111616 0.9967024314598398 5.468322785641349E-03 1.013484510868292 2.017755018969810E-03
 1.831130120000000E-02 1.012496790049144 0.9968445417303204 5.466937789858265E-03 1.012849454985902 2.024350950496137E-03
 1.858846660000000E-02 1.013090804124852 0.9969589568749981 5.485530114724258E-03 1.012241318341046 2.023204060835787E-03
 1.886924920000000E-02 1.013636369379827 0.9970537733064232 5.482400609910954E-03 1.011776316678813 2.029624782762375E-03
 1.915371600000000E-02 1.014077096939648 0.9971295141423127 5.499042555621757E-03 1.011322202886085 2.028466950264279E-03
 1.944193620000000E-02 1.014490270460821 0.9971923449311463 5.494396067604480E-03 1.010987599787448 2.034689169912989E-03
 1.973398030000000E-02 1.014812564304820 0.9972422505579335 5.509565312264620E-03 1.010652737881109 2.033579091334547E-03
 2.002991920000000E-02 1.015126465330996 0.9972839465680660 5.503539572960049E-03 1.010415322313055 2.039629734597724E-03
 2.032982560000000E-02 1.015358020640369 0.9973167794522573 5.517652162842389E-03 1.010172651594957 2.038643176864211E-03
 2.063377390000000E-02 1.015600641787674 0.9973450834810801 5.510711265232449E-03 1.010003866512516 2.044490082392363E-03
 2.094184050000000E-02 1.015757292263683 0.9973653246994375 5.524064784163415E-03 1.009838002717768 2.043675814727516E-03
 2.125410360000000E-02 1.015954716358015 0.9973854979196817 5.517575409180631E-03 1.009711660805475 2.049311425159276E-03
 2.157064150000000E-02 1.016073385716172 0.9974000500295268 5.530229860542541E-03 1.009583529599704 2.048488498702738E-03
 2.189153620000000E-02 1.016231183225753 0.9974187409059403 5.523258447063603E-03 1.009495290831953 2.054015385950866E-03
 2.221686950000000E-02 1.016316912704833 0.9974304168787133 5.534853756801324E-03 1.009399531438639 2.053159958525535E-03
 2.254672530000000E-02 1.016447631300519 0.9974434259342797 5.527643996087876E-03 1.009337083568284 2.058594267996508E-03
 2.288119120000000E-02 1.016514708475409 0.9974529952888860 5.539140700007905E-03 1.009260427905953 2.057783305443366E-03
 2.322035470000000E-02 1.016622987150858 0.9974647939566398 5.531346514922799E-03 1.009216789324693 2.062935479846579E-03
 2.356430520000000E-02 1.016682139064374 0.9974735444841752 5.543295040647072E-03 1.009149279687035 2.062226056149755E-03
 2.391313580000000E-02 1.016771496004628 0.9974853873095346 5.534990481725090E-03 1.009120392647959 2.067051689003418E-03
 2.426693960000000E-02 1.016813635371227 0.9974930073082170 5.547649334929559E-03 1.009068532848909 2.066241525778552E-03
 2.462581360000000E-02 1.016898443955474 0.9975033977218142 5.538764269456152E-03 1.009041442269762 2.070847026246668E-03
 2.498985450000000E-02 1.016931365210593 0.9975100015573261 5.552158434760414E-03 1.008995391269234 2.069766724969698E-03
 2.535916310000000E-02 1.017009589954068 0.9975191118388549 5.543756281492696E-03 1.008971803079974 2.074126962347712E-03
 2.573384160000000E-02 1.017036462380570 0.9975251003946576 5.557597486276023E-03 1.008929358339184 2.072852809300215E-03
 2.611399630000000E-02 1.017108292858721 0.9975342587804260 5.549570862524994E-03 1.008908686713371 2.076935872489708E-03
 2.649973330000000E-02 1.017131633783814 0.9975398398738320 5.564087972820606E-03 1.008870024826147 2.075683859280622E-03
 2.689116260000000E-02 1.017197995969977 0.9975500731272255 5.556342149316746E-03 1.008849047611899 2.079303925955900E-03
 2.728839590000000E-02 1.017217702304578 0.9975559576665346 5.572199380566759E-03 1.008813113912429 2.077980776883106E-03
 2.769154680000000E-02 1.017279404115819 0.9975662858674180 5.565425582537383E-03 1.008789169405818 2.080987708860521E-03
 2.810073270000000E-02 1.017297687697742 0.9975739769309513 5.582810733660159E-03 1.008752547371698 2.079494754002739E-03
 2.851607280000000E-02 1.017354692281599 0.9975802755220411 5.577259046109703E-03 1.008727116229703 2.082005153013877E-03
 2.893768810000000E-02 1.017372517681398 0.9975873326040231 5.596918803629417E-03 1.008690114285199 2.080444534180137E-03
 2.936570350000000E-02 1.017421160466923 0.9975952680658947 5.592996589478794E-03 1.008683415506179 2.083797710161585E-03
 2.980024740000000E-02 1.017430038884982 0.9975999939256256 5.614335257427072E-03 1.008652865776775 2.082041622913746E-03
 3.024145030000000E-02 1.017477572893187 0.9976139820842370 5.612364545485181E-03 1.008637733390042 2.084624833189291E-03
 3.068944630000000E-02 1.017482283738266 0.9976169380705517 5.633284318402528E-03 1.008610609797867 2.082811639665007E-03
 3.114437130000000E-02 1.017528068999330 0.9976299130799718 5.634117875038238E-03 1.008593215629509 2.085071992485689E-03
 3.160636500000000E-02 1.017534509459459 0.9976308820773940 5.656329660900525E-03 1.008560336534120 2.082932325040738E-03
 3.207556900000000E-02 1.017573384023961 0.9976367520812849 5.655855250639324E-03 1.008542190669889 2.084578562769626E-03
 3.255213050000000E-02 1.017583215968145 0.9976350189915877 5.677393643011605E-03 1.008512470957877 2.082965360420391E-03
 3.303619850000000E-02 1.017612549240321 0.9976352045194967 5.678307016177573E-03 1.008495598854802 2.083950575260224E-03
 3.352792560000000E-02 1.017620309413253 0.9976374184338613 5.698772832781197E-03 1.008470441713084 2.082539915094367E-03
 3.402746840000000E-02 1.017646273372296 0.9976424316946094 5.698827789452367E-03 1.008455414265010 2.083404300706555E-03
 3.453498710000000E-02 1.017651847434665 0.9976458786909773 5.720257726427412E-03 1.008429977492045 2.081796000260066E-03
 3.505064550000000E-02 1.017677215577190 0.9976519439522240 5.720649362997960E-03 1.008416237717418 2.082716582784756E-03
 3.557460760000000E-02 1.017686014924959 0.9976516295814772 5.739431276168968E-03 1.008394600175113 2.081673184449088E-03
 3.610704470000000E-02 1.017707965210443 0.9976568904737004 5.740145095263777E-03 1.008380166610991 2.082264088907802E-03
 3.664813190000000E-02 1.017722390491854 0.9976567244688033 5.759585894911864E-03 1.008360666152047 2.081843463033336E-03
 3.719804810000000E-02 1.017742766776041 0.9976588347663412 5.758590349894019E-03 1.008349308160180 2.082556727273688E-03
 3.775697570000000E-02 1.017762396073143 0.9976555403762243 5.778080845416646E-03 1.008332265932156 2.082751032775588E-03
 3.832510490000000E-02 1.017773734177847 0.9976545768373443 5.778560447063976E-03 1.008321206737891 2.082765066058377E-03
 3.890262540000000E-02 1.017794318772055 0.9976502741125676 5.798086172503002E-03 1.008304056548385 2.083027011886016E-03
 3.948973490000000E-02 1.017806430377205 0.9976466143739708 5.800915643372686E-03 1.008295201323662 2.083280922674742E-03
 4.008663450000000E-02 1.017827778717248 0.9976461120209630 5.820337907819407E-03 1.008277416379202 2.083552622540382E-03
 4.069352900000000E-02 1.017848284745884 0.9976416755663173 5.823994474124784E-03 1.008266736222839 2.084330796091059E-03
 4.131063070000000E-02 1.017869318709592 0.9976346636326368 5.843307289065426E-03 1.008256127021231 2.085156912370816E-03
 4.193815590000000E-02 1.017898763312041 0.9976313687957044 5.850874149952372E-03 1.008248410086961 2.086889661813423E-03
 4.257632420000000E-02 1.017822753471070 0.9975047169371335 5.867583067377263E-03 1.008314726662732 2.086164401372319E-03
 4.322536290000000E-02 1.017888144993756 0.9975316179001176 5.890693015846506E-03 1.008297932590089 2.090040651203574E-03
 4.388550300000000E-02 1.017889650297737 0.9975381477833183 5.895577529283260E-03 1.008273066524982 2.088152308709562E-03
 4.455697910000000E-02 1.018041837313910 0.9976490549418254 5.909502750321351E-03 1.008215227612896 2.095657359277382E-03
 4.524003340000000E-02 1.018068698329320 0.9976789478368873 5.916871788160065E-03 1.008184415248509 2.095317087933054E-03
 4.593491550000000E-02 1.018169186787896 0.9977019980116576 5.937691634111103E-03 1.008187263973692 2.103587832540318E-03
 4.664187880000000E-02 1.018194419061083 0.9977162910055162 5.933764603615824E-03 1.008171115403619 2.104301838297852E-03
 4.736118390000000E-02 1.018296805669840 0.9977190463228771 5.955768580506176E-03 1.008189586892144 2.113986971576713E-03
 4.809309910000000E-02 1.018315909194224 0.9977264584060417 5.947067116313222E-03 1.008172427698904 2.114128756885586E-03
 4.883789640000000E-02 1.018442567817697 0.9977282615462334 5.970573462377433E-03 1.008193584399130 2.125973250220503E-03
 4.959585520000000E-02 1.018455588483895 0.9977275646175440 5.959812053949511E-03 1.008180871680266 2.125987536931136E-03
 5.036726220000000E-02 1.018584636010621 0.9977199716904540 5.985890136676987E-03 1.008218316275049 2.139340214465274E-03
 5.115241180000000E-02 1.018579792346471 0.9977071528579009 5.975115175191592E-03 1.008207938100624 2.138113669253705E-03
 5.195160580000000E-02 1.018721514790412 0.9977009974771595 6.000227553080749E-03 1.008256462656546 2.153377058309437E-03
 5.276514960000000E-02 1.018707181113248 0.9976892048852268 5.992662306295151E-03 1.008257078787198 2.152279886411464E-03
 5.359335990000000E-02 1.018858448036249 0.9976775082976976 6.019520262132282E-03 1.008299126616255 2.167784388932035E-03
 5.443656070000000E-02 1.018848821042042 0.9976658831566255 6.013491383425736E-03 1.008300382966481 2.167115590606232E-03
 5.529508370000000E-02 1.018991914243864 0.9976586433585545 6.038057579855022E-03 1.008337160902195 2.181540777059576E-03
 5.616926770000000E-02 1.018992892755364 0.9976529154948660 6.034899691935602E-03 1.008344878981572 2.182243264165804E-03
 5.705945940000000E-02 1.019121961298320 0.9976460782292027 6.055970860345911E-03 1.008376706434168 2.195146570534108E-03
 5.796601620000000E-02 1.019140681192173 0.9976445079253912 6.057180981431304E-03 1.008395099423734 2.198132423615329E-03
 5.888930340000000E-02 1.019254814583174 0.9976424490227783 6.073453509977009E-03 1.008412894207330 2.208706151474083E-03
 5.982969700000000E-02 1.019290464473984 0.9976382371295915 6.082644554485784E-03 1.008442324256308 2.213940086225084E-03
 6.078758090000000E-02 1.019378514139251 0.9976375716591778 6.092793953650183E-03 1.008445199127450 2.221219736301617E-03
 6.176334990000000E-02 1.019433376690379 0.9976316690010554 6.113198750135160E-03 1.008476922093989 2.228177301951966E-03
 6.275740270000001E-02 1.019491590937813 0.9976349985180161 6.116466671353865E-03 1.008463807624839 2.231775526877108E-03
 6.377015260000000E-02 1.019561846004541 0.9976245763467407 6.150179960039051E-03 1.008505281515741 2.240754486310926E-03
 6.480202820000000E-02 1.019591307885002 0.9976331466704702 6.146433540977734E-03 1.008477159030301 2.240836948242494E-03
 6.585346160000000E-02 1.019685610512876 0.9976124985351704 6.192448378739125E-03 1.008527325173439 2.252444546698072E-03
 6.692489980000001E-02 1.019691627839392 0.9976187344667057 6.179271263377124E-03 1.008494256939259 2.250250041672296E-03
 6.801679730000000E-02 1.019816623575406 0.9976108971984738 6.233950670446799E-03 1.008539253597921 2.263896535515195E-03
 6.912962350000000E-02 1.019806683957074 0.9976086579559194 6.221657518954013E-03 1.008505308971145 2.260353563092679E-03
 7.026386260000000E-02 1.019922873178073 0.9976024403006521 6.280867001750929E-03 1.008548091362152 2.273116434948270E-03
 7.142000649999999E-02 1.019904569660897 0.9975848859227280 6.280459074173319E-03 1.008521738455861 2.269518226467029E-03
 7.259856160000000E-02 1.019990269496544 0.9975495371839784 6.341022145019339E-03 1.008555109703326 2.279079218127953E-03
 7.380004229999999E-02 1.019998867177611 0.9975311181398184 6.351508851990473E-03 1.008534753510601 2.278119530957427E-03
 7.502498480000000E-02 1.020070857777176 0.9975235998749703 6.406431639781823E-03 1.008572439897122 2.286932848910819E-03
 7.627393310000000E-02 1.020116678435644 0.9975474883969861 6.423069621091394E-03 1.008548994694987 2.288702421258539E-03
 7.754744590000000E-02 1.020218212540863 0.9975935517746254 6.467644364417715E-03 1.008586282448091 2.299848751779844E-03
 7.884609700000000E-02 1.020261305025123 0.9975742662553688 6.482897945709070E-03 1.008608431799615 2.305091657715733E-03
 8.017047490000000E-02 1.020365466975875 0.9975539448995230 6.517825641443810E-03 1.008662711278217 2.317825270996061E-03
 8.152118329999999E-02 1.020419870317327 0.9974566447885260 6.534623275261737E-03 1.008715203825466 2.326431545610983E-03
 8.289884030000000E-02 1.020525712247455 0.9973882639860912 6.566944630000154E-03 1.008761159312428 2.338627031340043E-03
 8.430408690000001E-02 1.020663883001190 0.9973723471441374 6.588937104397422E-03 1.008775885419190 2.350881927770947E-03
 8.573757110000001E-02 1.020860837898624 0.9974296312260069 6.621524487923659E-03 1.008753200910068 2.364812532854852E-03
 8.719996360000000E-02 1.021059268205569 0.9975053198854644 6.647050372092718E-03 1.008745706316754 2.380091483912237E-03
 8.869195730000000E-02 1.021302715380085 0.9976744445880049 6.688884697295860E-03 1.008710990017352 2.396767709401283E-03
 9.021425249999999E-02 1.021395997721447 0.9976678126694323 6.717826586988817E-03 1.008784932988133 2.410229612363259E-03
 9.176757930000000E-02 1.021567493771068 0.9977093370471342 6.769268402168628E-03 1.008831436649848 2.427730347289767E-03
 9.335267540000000E-02 1.021586144532469 0.9975363297876466 6.801495406952897E-03 1.008988295488782 2.441941481489923E-03
 9.497030820000001E-02 1.021756672190444 0.9974623094076568 6.849998086078981E-03 1.009075428208378 2.462662818677763E-03
 9.662126000000000E-02 1.021781612569209 0.9972414688740255 6.881035869863769E-03 1.009224187543847 2.476723634317622E-03
 9.830633549999999E-02 1.022009433859617 0.9972627553794493 6.937408931525382E-03 1.009266588507429 2.498410693167025E-03
 0.1000263620000000 1.022144355456074 0.9972428888038720 6.989161092365707E-03 1.009294633680887 2.511493080081295E-03
 0.1017821800000000 1.022389223574476 0.9972926794179064 7.038868296606614E-03 1.009290503947601 2.530772594609423E-03
 0.1035746630000000 1.022634628748872 0.9974053364782295 7.083079786300885E-03 1.009291418017937 2.550504330491725E-03
 0.1054047050000000 1.022920671060326 0.9975896285102418 7.136964258829721E-03 1.009280488931557 2.572529763965304E-03
 0.1072732210000000 1.023062204485996 0.9975909509681947 7.225903415211118E-03 1.009351473533012 2.589630445545453E-03
 0.1091811580000000 1.023195213471179 0.9974579281879029 7.289801335600686E-03 1.009475614418101 2.610366411783963E-03
 0.1111294850000000 1.023373618807630 0.9974407802941355 7.356594427171652E-03 1.009549326070283 2.630646602011907E-03
 0.1131191920000000 1.023554000861593 0.9973751935119098 7.424655854149472E-03 1.009646257141628 2.652973488273457E-03
 0.1151513010000000 1.023654928175354 0.9971027174345911 7.467365318488876E-03 1.009918001178226 2.683138012626521E-03
 0.1172268610000000 1.024057624461892 0.9969717706136033 7.534034737393076E-03 1.010085802063376 2.729052933627438E-03
 0.1193469540000000 1.024422911092858 0.9970273368582603 7.594396274763749E-03 1.010148680056285 2.763448528560907E-03
 0.1215126810000000 1.024945485265111 0.9971935193727303 7.660842950010028E-03 1.010169373963017 2.807026920355360E-03
 0.1237251830000000 1.025107811697149 0.9972188573860925 7.715421738847660E-03 1.010228507764304 2.824851976852526E-03
 0.1259856220000000 1.025281028693525 0.9971734537488411 7.833703464351194E-03 1.010314930487850 2.845772320238958E-03
 0.1282951980000000 1.025473782596978 0.9970719351972336 7.974809903467347E-03 1.010391266561626 2.867440795547836E-03
 0.1306551550000000 1.025623156389703 0.9970274902528317 8.135697443470903E-03 1.010459984463194 2.885012592907283E-03
 0.1330667590000000 1.025888571808278 0.9970384984132062 8.254052707478738E-03 1.010577047307209 2.915828870176112E-03
 0.1355313060000000 1.026024330652740 0.9969978901040760 8.296900052255970E-03 1.010651467188066 2.932777392448004E-03
 0.1380501390000000 1.027007367090013 0.9968787658418353 8.324053580969314E-03 1.011056679427158 3.044655422004537E-03
 0.1406246270000000 1.027376905957789 0.9968395474519284 8.362620784035038E-03 1.011220134225837 3.087635931996846E-03
 0.1432561870000000 1.028568863544762 0.9967913491024629 8.434525799720493E-03 1.011601516531782 3.214430334861317E-03
 0.1459462790000000 1.028828655982039 0.9967214722628049 8.437129951501707E-03 1.011860891724732 3.256466767773304E-03
 0.1486963930000000 1.029083211255935 0.9968162472596180 8.757643933507767E-03 1.011714163508593 3.264925417185317E-03
 0.1515080630000000 1.029377912683780 0.9966113940763538 9.177754278212815E-03 1.011964057295174 3.309003889644109E-03
 0.1543828700000000 1.028905986565197 0.9966684735235667 9.426057872783960E-03 1.011693824211581 3.249034309709044E-03
 0.1573224370000000 1.029544377530986 0.9965502021935576 9.845443013365884E-03 1.012031313552302 3.327868948656405E-03
 0.1603284330000000 1.028807445671790 0.9964662417113425 9.735929630555775E-03 1.011808118829333 3.250454463713086E-03
 0.1634025720000000 1.031464115434312 0.9964556847906472 1.003139409303255E-02 1.012649447323937 3.532664002303993E-03
 0.1665466280000000 1.031858185510339 0.9963193383689486 1.000300797638305E-02 1.012907202130843 3.585443466752832E-03
 0.1697624180000000 1.034425601971777 0.9962137315084264 1.032012193589348E-02 1.013792923806460 3.864552022478207E-03
 0.1730518040000000 1.034868042117239 0.9961921052830962 1.073790017097651E-02 1.014012573524582 3.918191003622781E-03
 0.1764167100000000 1.035011218901820 0.9957666595205642 1.121892585564863E-02 1.014238308270909 3.948256166697892E-03
 0.1798591020000000 1.036509272215894 0.9957945836029480 1.138963019730600E-02 1.014738202638722 4.109964754502096E-03
 0.1833810210000000 1.034886719708771 0.9957907535216233 1.180726901081092E-02 1.014156218836811 3.931492268593489E-03
 0.1869845540000000 1.037995684213999 0.9956350699051731 1.144116387683084E-02 1.015229761911690 4.270167567455618E-03
 0.1906718460000000 1.038318673099490 0.9955084496768322 1.231182597227137E-02 1.015413755676661 4.311354241361958E-03
 0.1944451030000000 1.041418015845069 0.9951550917856546 1.301706311811887E-02 1.016551362036256 4.655150988603196E-03
 0.1983066050000000 1.046711770344842 0.9947105178160680 1.415424704787197E-02 1.018626475543253 5.254628693333764E-03
 0.2022586910000000 1.050470951487084 0.9943478308532167 1.574550701324235E-02 1.020037996462424 5.676213071179445E-03
 0.2063037750000000 1.055481472705517 0.9938570443742403 1.685248629148044E-02 1.021986067023013 6.245028500473759E-03
 0.2104443310000000 1.058084903950165 0.9935759669957785 1.797689252768652E-02 1.022965327913407 6.538426248381431E-03
 0.2146829070000000 1.060861766465388 0.9932732537088874 1.852013255919260E-02 1.024035863200769 6.854007520561600E-03
 0.2190221250000000 1.061294951808625 0.9931457748704220 1.892020253434910E-02 1.024200190771984 6.903054929185530E-03
 0.2234646830000000 1.061963931927146 0.9931093769317948 1.888122145675467E-02 1.024415431291350 6.975574550873422E-03
 0.2280133660000000 1.061328118154342 0.9930069382279132 1.882776761502400E-02 1.024192372475793 6.905092326013057E-03
 0.2326710370000000 1.059881922347177 0.9931256767250385 1.832599073619713E-02 1.023724758495096 6.748203570490607E-03
 0.2374406460000000 1.055089391974481 0.9938299870849503 1.686458774758764E-02 1.021750798458559 6.193526086911248E-03
 0.2423252170000000 1.041964166129773 0.9952896964249380 1.302436973562498E-02 1.016851152936876 4.724005051426234E-03
 0.2473278790000000 1.030057778956431 0.9962935324954350 9.256782002730177E-03 1.012167869472319 3.380268853946043E-03
 0.2524518370000000 1.020414948253738 0.9973463914247713 6.298244034699474E-03 1.008279231671814 2.290730159659766E-03
 0.2577004130000000 1.013359545421482 0.9982063114668787 4.112556843989112E-03 1.005429816282856 1.496976315999987E-03
 0.2630769910000000 1.008462239558973 0.9988312058884640 2.576270467570837E-03 1.003449188895541 9.476679616850954E-04
 0.2685850860000000 1.005137149596794 0.9992667342535482 1.579632277168607E-03 1.002096054365886 5.749183894857586E-04
 0.2742283050000000 1.003071307317140 0.9995478926562535 9.221067097869299E-04 1.001255701415682 3.437194744260010E-04
 0.2800103720000000 1.001746247554225 0.9997338481956455 5.353059305972217E-04 1.000714408808786 1.953891982258819E-04
 0.2859351340000000 1.000994976113668 0.9998444740431799 2.941054216978667E-04 1.000408222527923 1.113972074012495E-04
 0.2920065220000000 1.000528864766170 0.9999132194422107 1.627265183407664E-04 1.000216056797124 5.912982762871416E-05
 0.2982286210000000 1.000291210879597 0.9999517764051287 8.365341103764040E-05 1.000119971430552 3.263628945516742E-05
 0.3046056030000000 1.000147427580839 0.9999746730439654 4.481522793206735E-05 1.000060764640166 1.652390312613934E-05
 0.3111417890000000 1.000077656804014 0.9999864053327367 2.194554451239455E-05 1.000032132555306 8.713639256455231E-06
 0.3178416190000000 1.000037495831674 0.9999932199537452 1.126663063760898E-05 1.000015526903224 4.208199769250779E-06
 0.3247096540000000 1.000018993756299 0.9999964917886411 5.265847221788605E-06 1.000007896297623 2.134143166896524E-06
 0.3317506310000000 1.000008774756576 0.9999983303593076 2.601518989777127E-06 1.000003651583362 9.862199984004478E-07
 0.3389694090000000 1.000004286022276 0.9999991665173019 1.164204760002023E-06 1.000001790786455 4.822870164256793E-07
 0.3463709950000000 1.000001900654032 0.9999996198171247 5.548187061494148E-07 1.000000795115613 2.139500917876611E-07
 0.3539605440000000 1.000000897158117 0.9999998167309122 2.384298532310637E-07 1.000000376831812 1.011103386202213E-07
 0.3617433610000000 1.000000383061651 0.9999999195987935 1.098562501216825E-07 1.000000161136868 4.319036356072897E-08
 0.3697249290000000 1.000000175091313 0.9999999625186825 4.547441025734785E-08 1.000000073948086 1.976503274980426E-08
 0.3779109120000000 1.000000072201176 0.9999999841415879 2.029537391339413E-08 1.000000030547243 8.154636595610517E-09
 0.3863071200000000 1.000000032008216 0.9999999928414587 8.113455478275646E-09 1.000000013597329 3.619487760655178E-09
 0.3949195740000000 1.000000012812223 0.9999999970799662 3.523277132235232E-09 1.000000005461034 1.450258502354285E-09
 0.4037544430000000 1.000000005416877 0.9999999988935826 1.365326633401546E-09 1.000000002373275 6.182660203907496E-10
 0.4128181040000000 1.000000002146480 0.9999999995760165 5.633448690342846E-10 1.000000000936844 2.447082748076247E-10
 0.4221171440000000 1.000000000903795 0.9999999998259785 2.206659160015206E-10 1.000000000394081 1.030060340374420E-10
 0.4316583280000000 1.000000000374720 0.9999999999319247 9.307905957112969E-11 1.000000000162629 4.264676795128614E-11
 0.4414486590000000 1.000000000165301 0.9999999999714804 3.940543796423381E-11 1.000000000070274 1.869640245091533E-11
 0.4514953490000000 1.000000000072759 0.9999999999878917 1.728213159910171E-11 1.000000000031201 8.250789822084930E-12
 0.4618058200000000 1.000000000031994 0.9999999999948945 7.717975279548456E-12 1.000000000014004 3.650589530844440E-12
 0.4723877610000000 1.000000000014019 0.9999999999977753 3.492731067838555E-12 1.000000000007211 1.684930854451754E-12
 0.4832490680000000 1.000000000005782 0.9999999999994702 1.611132222360352E-12 1.000000000002092 6.248617143993461E-13
 0.4943979080000000 1.000000000002263 0.9999999999998603 5.829143526399423E-13 1.000000000001169 2.723747153747051E-13
 0.5058426860000000 1.000000000000685 1.000000000000077 2.156309356654770E-13 0.9999999999998770 4.462039203731582E-14
 0.5175920720000000 1.000000000000067 0.9999999999999698 3.599373909519802E-14 1.000000000000600 5.293825342815826E-14
 0.5296550390000000 1.000000000000000 1.000000000000000 5.196571836110051E-14 1.000000000000000 3.524517538492561E-17
 0.5420408249999999 1.000000000000000 1.000000000000000 8.287010027415033E-17 1.000000000000000 0.000000000000000E+00
 0.5547589060000000 1.000000000000000 1.000000000000000 3.264139158613859E-17 1.000000000000000 0.000000000000000E+00
 0.5678191180000000 1.000000000000000 1.000000000000000 2.222843389803963E-18 1.000000000000000 0.000000000000000E+00
 0.5812316540000000 1.000000000000000 1.000000000000000 1.671744851422903E-18 1.000000000000000 0.000000000000000E+00
 0.5950069430000000 1.000000000000000 1.000000000000000 1.685192308580801E-21 1.000000000000000 0.000000000000000E+00
 0.6091557740000000 1.000000000000000 1.000000000000000 6.219129633655202E-22 1.000000000000000 0.000000000000000E+00
 0.6236892939999999 1.000000000000000 1.000000000000000 1.527431407559614E-22 1.000000000000000 0.000000000000000E+00
 0.6386190060000000 1.000000000000000 1.000000000000000 -1.172216508093346E-21 1.000000000000000 0.000000000000000E+00
 0.6539568310000000 1.000000000000000 1.000000000000000 3.474529338475946E-25 1.000000000000000 0.000000000000000E+00
 0.6697149870000000 1.000000000000000 1.000000000000000 -1.288187917656139E-24 1.000000000000000 0.000000000000000E+00
 0.6859061720000000 1.000000000000000 1.000000000000000 -4.196309841855470E-24 1.000000000000000 0.000000000000000E+00
 0.7025434370000000 1.000000000000000 1.000000000000000 1.412462875820797E-26 1.000000000000000 0.000000000000000E+00
 0.7196402550000000 1.000000000000000 1.000000000000000 4.995699393279012E-27 1.000000000000000 0.000000000000000E+00
 0.7372105720000000 1.000000000000000 1.000000000000000 4.706450557708361E-29 1.000000000000000 0.000000000000000E+00
 0.7552687530000000 1.000000000000000 1.000000000000000 -1.841268130265540E-25 1.000000000000000 0.000000000000000E+00
 0.7738296390000000 1.000000000000000 1.000000000000000 -2.153257639842283E-27 1.000000000000000 0.000000000000000E+00
 0.7929085490000000 1.000000000000000 1.000000000000000 -5.345244609863898E-28 1.000000000000000 0.000000000000000E+00
 0.8125213380000000 1.000000000000000 1.000000000000000 4.456211053547777E-31 1.000000000000000 0.000000000000000E+00
 0.8326843380000000 1.000000000000000 1.000000000000000 -2.349455231749218E-29 1.000000000000000 0.000000000000000E+00
 0.8534144160000000 1.000000000000000 1.000000000000000 1.622533376760240E-31 1.000000000000000 0.000000000000000E+00
 0.8747290370000000 1.000000000000000 1.000000000000000 2.808248885871713E-31 1.000000000000000 0.000000000000000E+00
 0.8966462020000000 1.000000000000000 1.000000000000000 8.087948975517960E-35 1.000000000000000 0.000000000000000E+00
 0.9191845660000000 1.000000000000000 1.000000000000000 3.942188243134716E-33 1.000000000000000 0.000000000000000E+00
 0.9423633219999999 1.000000000000000 1.000000000000000 1.571776738683345E-35 1.000000000000000 0.000000000000000E+00
 0.9662023190000000 1.000000000000000 1.000000000000000 2.191104590977326E-35 1.000000000000000 0.000000000000000E+00
 0.9907221200000000 1.000000000000000 1.000000000000000 3.577790990987244E-39 1.000000000000000 0.000000000000000E+00
 1.015943880000000 1.000000000000000 1.000000000000000 0.000000000000000E+00 1.000000000000000 0.000000000000000E+00
