 0.000000000000000E+00 14987.53804376672 -1.818990204181258E-12
 9.999999750000000E-05 12766.15327902049 4269.791115133066
 2.004999990000000E-04 7602.496438954161 16884.94470559830
 3.015226980000000E-04 1519.984740930007 9125.085207067041
 4.030911370000000E-04 2828.420099802905 2986.502878731907
 5.052287020000000E-04 3782.474557147579 -2512.598888455395
 6.079591110000000E-04 4774.578240737187 -2752.801616967703
 7.113064640000000E-04 1942.638209378933 912.6512914855346
 8.152952650000000E-04 2312.476452734963 391.3224565443470
 9.199504270000000E-04 2525.952266475835 218.5797577905250
 1.025297330000000E-03 2638.257831267781 418.1455637127693
 1.131361700000000E-03 2662.741837554897 1598.642516267286
 1.238169850000000E-03 2279.254311163986 2112.435531148445
 1.345748430000000E-03 2305.012044844691 2197.412165157467
 1.454124690000000E-03 2358.693814327276 2324.855475742918
 1.563326340000000E-03 2368.209641375835 2497.154754629649
 1.673381660000000E-03 2337.208890311542 2726.168747175564
 1.784319520000000E-03 2237.178160500542 2822.503206550173
 1.896169390000000E-03 2210.895816655821 2816.883292496728
 2.008961280000000E-03 2181.194363582531 2808.201908444172
 2.122726060000000E-03 2132.166506440276 2828.188873964130
 2.237495030000000E-03 2048.684576657985 2811.177570499884
 2.353300110000000E-03 2010.660792555885 2752.708967868743
 2.470174110000000E-03 1970.944052477773 2720.939981106470
 2.588150320000000E-03 1912.706931887456 2689.524913561133
 2.707262990000000E-03 1870.876494687021 2629.185849576289
 2.827547260000000E-03 1831.135530283710 2575.441069836217
 2.949038990000000E-03 1793.518072430034 2526.924109972461
 3.071774730000000E-03 1760.381630764922 2482.462287294730
 3.195791970000000E-03 1729.795046040825 2442.955399414676
 3.321129130000000E-03 1701.190254225472 2406.853529980297
 3.447825790000000E-03 1674.223979123890 2372.996970395169
 3.575922220000000E-03 1647.636360308735 2341.044021857704
 3.705459880000000E-03 1621.194209197873 2309.182537000644
 3.836481130000000E-03 1595.844424201455 2277.594649443273
 3.969029520000000E-03 1570.746843822213 2245.192258270391
 4.103149750000000E-03 1547.153559176473 2212.679531893607
 4.238887220000000E-03 1524.280463450265 2180.130850719887
 4.376288970000000E-03 1502.330636888371 2148.248679212327
 4.515403420000000E-03 1480.902434248331 2117.442072506221
 4.656279930000000E-03 1459.975320907434 2087.989200478187
 4.798969250000000E-03 1439.238679536095 2060.378939169839
 4.943524020000000E-03 1418.909451593767 2033.265433041352
 5.089997780000000E-03 1399.044615382381 2008.594966868881
 5.238445480000000E-03 1378.862752471869 1982.885684138156
 5.388923920000000E-03 1361.316029369154 1957.867933115732
 5.541491320000000E-03 1343.824330092911 1933.337876598782
 5.696207750000000E-03 1327.572603189023 1909.758440157690
 5.853134670000000E-03 1311.371977884108 1887.323227708406
 6.012335890000000E-03 1295.847473509696 1865.163963223580
 6.173876580000000E-03 1280.487155978222 1843.271339222951
 6.337823810000000E-03 1265.280452843059 1821.161340269698
 6.504246500000000E-03 1250.095330541981 1798.856444257738
 6.673215890000000E-03 1234.922953665122 1776.396906233837
 6.844805550000000E-03 1219.729317897469 1753.995372862128
 7.019090930000000E-03 1204.482888579179 1731.969691471121
 7.196149790000000E-03 1189.097127737355 1710.540758361906
 7.376062220000000E-03 1173.815101718287 1689.377495235603
 7.558910640000000E-03 1159.285057487958 1668.978259115112
 7.744780280000000E-03 1145.200489365394 1649.181779216402
 7.933759130000001E-03 1132.128407380352 1630.240236999698
 8.125937539999999E-03 1119.484551935136 1612.240165194509
 8.321408180000000E-03 1107.548468694300 1594.768363302903
 8.520267900000000E-03 1095.808189453188 1577.601583587760
 8.722615430000000E-03 1084.206214450199 1560.169507625719
 8.928553200000000E-03 1072.559104443812 1542.250213041997
 9.138186459999999E-03 1060.824162717622 1523.866346813289
 9.351624180000000E-03 1048.963614950053 1505.121934389441
 9.568979030000001E-03 1037.033039157832 1486.462618706674
 9.790367450000000E-03 1025.247411033823 1468.262389773614
 1.001590960000000E-02 1013.860828514696 1451.040324875795
 1.024572920000000E-02 1002.897524133901 1434.804189776902
 1.047995410000000E-02 992.7677214960878 1419.744870822759
 1.071871630000000E-02 983.0313729725831 1405.637644135801
 1.096215290000000E-02 973.6741619771857 1392.057847973057
 1.121040430000000E-02 964.1378548840106 1378.529117767514
 1.146361700000000E-02 954.2600814381357 1364.493519580839
 1.172194160000000E-02 943.9501648978971 1349.629391956094
 1.198553390000000E-02 933.3476962139832 1333.933572290071
 1.225455480000000E-02 922.6626104056949 1317.894353990833
 1.252917200000000E-02 912.1564746409629 1301.937903985849
 1.280955780000000E-02 902.1069971637683 1286.733623083440
 1.309589020000000E-02 892.3756927593643 1272.369815287438
 1.338835430000000E-02 883.1300132669512 1258.715154474320
 1.368714120000000E-02 873.9398826770157 1245.595621079575
 1.399244830000000E-02 864.5643914039306 1232.615619574351
 1.430448050000000E-02 854.8864060315677 1218.998676645022
 1.462344920000000E-02 845.2578129737394 1205.102356421689
 1.494957410000000E-02 835.6771399480481 1190.936395009615
 1.528308260000000E-02 826.4077227006776 1177.092108702957
 1.562421020000000E-02 817.4167281936542 1163.672661713482
 1.597320100000000E-02 808.8384458848379 1150.674205053924
 1.633030730000000E-02 800.4311636755702 1138.016028124876
 1.669579000000000E-02 792.0995596823460 1125.517309387670
 1.706992090000000E-02 783.7799914653344 1113.080562261954
 1.745298130000000E-02 775.4140443634503 1100.711664885758
 1.784526370000000E-02 767.0630057484367 1088.430304572591
 1.824706980000000E-02 758.9189549117019 1076.268264987920
 1.865871250000000E-02 750.8659862563586 1064.363038899239
 1.908051780000000E-02 742.8218851499148 1052.657420410358
 1.951282290000000E-02 734.6584221808802 1041.059909447432
 1.995597780000000E-02 726.3778207608243 1029.213479188856
 2.041034590000000E-02 718.1870475721764 1017.323667296320
 2.087630330000000E-02 710.0584316662869 1005.351900817274
 2.135424130000000E-02 702.1373059525980 993.5938885197309
 2.184456590000000E-02 694.3187226307303 982.0246213097374
 2.234769990000000E-02 686.7736080036651 970.8282339397591
 2.286408100000000E-02 679.1914856475720 959.8588064788149
 2.339416370000000E-02 671.4859649893917 948.9337163437579
 2.393841930000000E-02 663.6072321381305 937.5424518832971
 2.449733950000000E-02 655.8000456428944 926.1191957217164
 2.507143470000000E-02 648.1524236384373 914.8072920780044
 2.566123380000000E-02 640.8656012554769 903.9788721954810
 2.626728830000000E-02 633.7989338900973 893.5955139523160
 2.689016980000000E-02 626.7834889256795 883.4046034783782
 2.753047460000000E-02 619.6552900810939 872.9593493165884
 2.818882090000000E-02 612.5320421386165 862.2871575734989
 2.886585330000000E-02 605.5027527951551 851.7720855210835
 2.956224050000000E-02 598.5440891488188 841.5740922737652
 3.027867900000000E-02 591.6064955840361 831.5668175915150
 3.101589340000000E-02 584.5598595557926 821.3829279567659
 3.177464010000000E-02 577.4903875570955 811.1605302977737
 3.255570310000000E-02 570.3355177244420 800.8544827549490
 3.335990010000000E-02 563.3241891196664 790.7899885805858
 3.418808060000000E-02 556.4324777672321 780.9542148916958
 3.504113110000000E-02 549.6047896033468 771.2245621614668
 3.591997550000000E-02 542.8710637249582 761.4688259768390
 3.682557490000000E-02 536.1757202861808 751.6467273220305
 3.775892780000000E-02 529.5878284472449 741.9585870320489
 3.872107710000000E-02 523.0914732932706 732.5178029326315
 3.971311080000000E-02 516.6317662386797 723.1499133280499
 4.073616120000000E-02 510.2334468351657 713.8298552707014
 4.179140930000000E-02 504.0037911822833 704.5389152589387
 4.288008810000000E-02 497.8574635176458 695.4792277782428
 4.400347920000000E-02 491.5668498339831 686.2505205166968
 4.516292360000000E-02 485.2457706211686 677.1279909614761
 4.635981470000000E-02 478.7207908309741 667.8471378012468
 4.759560900000000E-02 472.1971295225478 658.6778566713815
 4.887182640000000E-02 465.7381116460356 649.7333989943241
 5.019005390000000E-02 459.3846245487816 640.9239175699734
 5.155194550000000E-02 453.4736527605465 632.2306503276378
 5.295922980000000E-02 447.7315489031411 623.5835812090470
 5.441370980000000E-02 441.9494372696307 615.0081732352784
 5.591727050000000E-02 436.0248075070126 606.4455933271371
 5.747187880000000E-02 430.0108134997913 597.8979929700869
 5.907959120000000E-02 424.0339954338515 589.4548524007454
 6.074255330000000E-02 418.2117739159260 581.1094654573157
 6.246300790000000E-02 412.4733351079803 572.8235369274739
 6.424329430000000E-02 406.7532049952347 564.5119656704991
 6.608586760000000E-02 400.9554232096530 556.2726757599293
 6.799328330000000E-02 395.0908947570327 548.1518084048131
 6.996822360000000E-02 389.2743620033713 539.9644610453580
 7.201348250000000E-02 383.7194964458139 532.1874350905998
 7.413198800000000E-02 378.4805665880225 524.2965985537370
 7.632680240000000E-02 373.4372082753374 516.8038500406058
 7.860112940000000E-02 367.9569431104492 508.8181700921896
 8.095832170000000E-02 362.2986454255212 501.0441407271282
 8.340188860000000E-02 356.4688945605803 493.1720261161691
 8.593550320000000E-02 351.0097667689175 485.8408938553420
 8.856301010000001E-02 346.0843767363100 478.4846167839166
 9.128843250000000E-02 341.2923379887908 471.2216659011513
 9.411598000000000E-02 336.3398019180443 463.8374818806746
 9.705007080000000E-02 331.2523026319078 456.5471072719011
 0.1000953240000000 325.9808703316554 449.1935833857564
 0.1032565910000000 320.6612821154249 441.8871889204548
 0.1065389440000000 315.4475297725524 434.8631683569410
 0.1099477040000000 310.6069119179623 427.8956882327946
 0.1134884430000000 305.9042079017738 421.0930569258642
 0.1171670110000000 301.0474313677802 414.1843976336542
 0.1209895390000000 296.1865120213355 407.3065988265258
 0.1249624490000000 291.4551926125786 400.7216303872179
 0.1290924850000000 286.9270970803118 394.0623085088253
 0.1333867160000000 282.3652908376883 387.4542144807283
 0.1378525640000000 277.6253189554685 380.8375007748097
 0.1424978230000000 272.8244621824713 374.3030272526011
 0.1473306570000000 268.1488578800818 367.8682491184582
 0.1523596500000000 263.6353226814849 361.6488727507510
 0.1575938170000000 259.3577021915086 355.5263085885982
 0.1630426200000000 255.2190058404488 349.5192331158276
 0.1687159840000000 250.9960915925712 343.3745260943661
 0.1746243540000000 246.7704318446651 337.2920131900923
 0.1807786970000000 242.4428962861945 331.1234985908122
 0.1871905330000000 238.1022567991971 325.1841974256998
 0.1938719750000000 233.7233822803630 319.3661329159546
 0.2008357500000000 229.4646772952713 313.6039783165731
 0.2080952380000000 225.2075716313264 307.7990725699040
 0.2156645060000000 221.1200877846089 302.2866567164051
 0.2235583510000000 217.5132294781815 297.0830790744760
 0.2317923460000000 213.9812957080509 291.5401293389891
 0.2403828650000000 210.2362971317998 286.1574914459237
 0.2493471350000000 206.1955588583005 280.6471757834233
 0.2587032910000000 202.1926901019311 275.4080432540794
 0.2684704070000000 198.4854600954202 270.2495815527097
 0.2786685820000000 194.8993278779013 265.1531236858578
 0.2893189790000000 191.3268239793578 260.0658189786701
 0.3004438580000000 187.7437483797871 255.0642584345323
 0.3120667040000000 184.1494524049665 250.1220563172351
 0.3242122230000000 180.5872449894209 245.1485076627885
 0.3369064630000000 177.2070321909594 240.5295625283879
 0.3501768710000000 173.9330874300488 235.6716512878387
 0.3640523550000000 170.5932081845755 231.0410112951611
 0.3785634040000000 167.0412682122055 226.2451744912145
 0.3937421740000000 163.6015919687865 221.8657974721842
 0.4096225800000000 160.4340122342095 217.3366795720376
 0.4262403550000000 157.1040749363907 212.7854663415895
 0.4436332290000000 153.8237836689634 208.7175872543586
 0.4618409870000000 151.0183852287611 204.4413487359858
 0.4809056220000000 148.2312378672654 200.3911371760293
 0.5008714800000000 145.0723114713357 196.1542650545086
 0.5217853190000000 141.7076283134764 191.7694357020638
 0.5436965230000000 138.7556881549685 188.1855169689376
 0.5666572450000000 136.3894758025838 184.2705914868849
 0.5907225610000000 133.7925122590662 180.5087352484643
 0.6159507040000000 130.8984590466629 176.6219047373607
 0.6424031260000000 127.9248996062592 172.7245896551977
 0.6701447960000000 125.1661813221957 169.1610226868297
 0.6992443800000000 122.7621116118150 165.6468476290058
 0.7297744150000000 120.1989721923801 161.9248470210554
 0.7618116140000000 117.5122299898389 158.3243837905458
 0.7954371570000000 114.8337819059325 154.7407180340334
 0.8307368160000000 112.4496101777968 151.5927060417366
 0.8678013680000000 109.8745132290410 147.9403116344982
 0.9067268370000000 107.5253510258676 144.8091270073946
 0.9476148490000000 105.6929072161600 141.2959763813305
 0.9905729290000000 105.7165709955525 139.2563131582087
 1.035714860000000 105.7417904943699 137.1129599989987
