   0.0000000000000000       0.99968923933546439        0.0000000000000000        0.0000000000000000        1.0000000000000000       -4.5300388416276091E-004
   9.9999997500000001E-005  0.99864015602695677        1.4350730590695237E-002   5.3486609282659386E-006   1.0010500963989033       -4.5360866093169781E-004
   2.0049999900000000E-004  0.99764174544189754        2.8738651204686279E-002   2.1761634815318744E-006   1.0020520975999652       -4.5334741495058159E-004
   3.0150957199999998E-004  0.99665063501676310        4.3199294334865045E-002   1.0033151161412858E-005   1.0030483433693094       -4.5369042050376145E-004
   4.0303840100000001E-004  0.99569986184272541        5.7698618902139204E-002   9.1749328559188769E-006   1.0040067523966678       -4.5279205462741694E-004
   5.0509627899999999E-004  0.99476629354198132        7.2272888129545118E-002   1.9606504245946960E-005   1.0049483343941730       -4.5374663778564389E-004
   6.0769315999999998E-004  0.99386382906188997        8.6886922535218319E-002   2.1131638662353585E-005   1.0058618938735950       -4.5225458796569959E-004
   7.1083911499999998E-004  0.99298803845917882       0.10157722810472909        3.4186874025101698E-005   1.0067479876002658       -4.5377634123363800E-004
   8.1454432800000004E-004  0.99213471934807884       0.11630790056200123        3.8168494264166878E-005   1.0076152865841488       -4.5173532653285179E-004
   9.1881916199999998E-004  0.99131706966359667       0.13111520015574635        5.3897951793994160E-005   1.0084449654420506       -4.5377833962003121E-004
   1.0236740299999999E-003  0.99051390017561691       0.14596290097729114        6.0415672727848874E-005   1.0092644355855480       -4.5123556795349882E-004
   1.1291195400000001E-003  0.98975480963281215       0.16088653664727826        7.8870268070810215E-005   1.0100367463275357       -4.5374987819957397E-004
   1.2351664499999999E-003  0.98900296080149308       0.17584995191247679        8.8002196168133050E-005   1.0108066609798236       -4.5075727854720004E-004
   1.3418257000000001E-003  0.98830292583360346       0.19088750612511518        1.0923499278428313E-004   1.0115206006398454       -4.5368928087002262E-004
   1.4491083600000000E-003  0.98760369728836739       0.20596347821556224        1.2105941563664822E-004   1.0122391160039301       -4.5030101255104572E-004
   1.5570255900000001E-003  0.98696326591241434       0.22111057676132209        1.4512387897469724E-004   1.0128936589438329       -4.5359525775452258E-004
   1.6655887000000000E-003  0.98631805852331145       0.23629387042835995        1.5971729428368114E-004   1.0135588441075092       -4.4986688155960493E-004
   1.7748092100000001E-003  0.98573780562680713       0.25154397493197872        1.8666579879387748E-004   1.0141529685248136       -4.5346681696477260E-004
   1.8846988700000000E-003  0.98514808520194874       0.26682713664743135        2.0410096824367602E-004   1.0147628454984554       -4.4945455264677113E-004
   1.9952694400000000E-003  0.98462858489398342       0.28217140518543449        2.3398329666340104E-004   1.0152955635548611       -4.5330321842238213E-004
   2.1065329200000002E-003  0.98409584625154112       0.29754452340470716        2.5432687831060250E-004   1.0158481477200039       -4.4906327466801384E-004
   2.2185016399999999E-003  0.98363764707675272       0.31297158242313688        2.8718822502665032E-004   1.0163185330235363       -4.5310422191231184E-004
   2.3311879499999999E-003  0.98316336998129583       0.32842215178650480        3.1049836101688000E-004   1.0168118830457520       -4.4869158558487397E-004
   2.4446041800000001E-003  0.98276696814809483       0.34391788336905127        3.4637698142508402E-004   1.0172191003118647       -4.5287003524193201E-004
   2.5587631399999998E-003  0.98235257718579927       0.35943045880546226        3.7270031812403358E-004   1.0176513643744269       -4.4833750748809944E-004
   2.6736778700000002E-003  0.98201838819438891       0.37497784260857603        4.1162476224089879E-004   1.0179947009915229       -4.5260137299674391E-004
   2.7893613999999999E-003  0.98166520367574073       0.39053399934674643        4.4099360544974165E-004   1.0183641726880881       -4.4799854529272879E-004
   2.9058270200000001E-003  0.98139353735036994       0.40611287708077876        4.8297851005042226E-004   1.0186430668612225       -4.5229929392912060E-004
   3.0230882100000002E-003  0.98110274949641008       0.42169086544061779        5.1540650911761161E-004   1.0189482166449901       -4.4767209203568775E-004
   3.1411587299999999E-003  0.98089380023612549       0.43727776819733860        5.6044377992566766E-004   1.0191622707908408       -4.5196377068954321E-004
   3.2600522999999999E-003  0.98066652109938002       0.45285231585916913        5.9593857824454942E-004   1.0194016957675800       -4.4735482332179541E-004
   3.3797831299999998E-003  0.98052011815057183       0.46842040915186006        6.4405917068536026E-004   1.0195509364586965       -4.5159668074736128E-004
   3.5003656500000001E-003  0.98035644717573001       0.48396317030900377        6.8259091713844869E-004   1.0197243428708054       -4.4703516701356967E-004
   3.6218143100000002E-003  0.98027219690027667       0.49948212731600417        7.3369682684653887E-004   1.0198090661457930       -4.5120453417477741E-004
   3.7441439900000001E-003  0.98017277595998398       0.51496051345256189        7.7521221551353438E-004   1.0199156444796356       -4.4672231104891686E-004
   3.8673696100000000E-003  0.98014999390192670       0.53039636613797458        8.2926909326289349E-004   1.0199365105483642       -4.5078047473528664E-004
   3.9915065300000002E-003  0.98011450423712143       0.54577450488103818        8.7368243273032128E-004   1.0199765072540727       -4.4640125242543334E-004
   4.1165701100000004E-003  0.98015216541287609       0.56108968018611982        9.3059794845420853E-004   1.0199345634370660       -4.5033391796397206E-004
   4.2425761899999997E-003  0.98017973981031215       0.57632813078065059        9.7779852440846304E-004   1.0199088574757968       -4.4606625239172721E-004
   4.3695406100000000E-003  0.98027627180707289       0.59148165448944356        1.0374560570064369E-003   1.0198057613699012       -4.4986920836712383E-004
   4.4974796500000004E-003  0.98036532589759395       0.60653761301330988        1.0872224049895626E-003   1.0197160385016000       -4.4570494369609897E-004
   4.6264100799999998E-003  0.98051965382545325       0.62148438181272925        1.1494765059539272E-003   1.0195529532360130       -4.4940413455675721E-004
   4.7563486699999996E-003  0.98066775133361772       0.63631210656420656        1.2016380165596398E-003   1.0194018531364564       -4.4530171916685492E-004
   4.8873121899999997E-003  0.98087780666246349       0.65100433201832830        1.2662653220668479E-003   1.0191810095560700       -4.4893112916437154E-004
   5.0193178499999998E-003  0.98108216174394203       0.66555479590998257        1.3205943759115029E-003   1.0189715612238803       -4.4486582926526021E-004
   5.1523833500000003E-003  0.98134513656827282       0.67994216502913207        1.3873344693938908E-003   1.0186960036186394       -4.4844199316703570E-004
   5.2865268699999997E-003  0.98160242918461871       0.69416393763156103        1.4435569014322087E-003   1.0184318135388151       -4.4439922944962390E-004
   5.4217665500000001E-003  0.98191483422477144       0.70819423847652319        1.5121065770909768E-003   1.0181053218585729       -4.4793245463823771E-004
   5.5581205500000001E-003  0.98222114104132674       0.72203398777290262        1.5699020561448010E-003   1.0177906399246113       -4.4390132954254111E-004
   5.6956079799999997E-003  0.98257882878160818       0.73565354629123447        1.6399133212803658E-003   1.0174176914953967       -4.4739986700518831E-004
   5.8342479199999997E-003  0.98292960281144026       0.74905693618147551        1.6989167914563852E-003   1.0170574218008117       -4.4337077682319345E-004
   5.9740599200000001E-003  0.98332780032265021       0.76221160572164670        1.7699985510028068E-003   1.0166431437359402       -4.4684221141988976E-004
   6.1150635599999999E-003  0.98371788122489645       0.77512414973171739        1.8298011422483600E-003   1.0162428215330914       -4.4280581845010673E-004
   6.2572788399999999E-003  0.98415123529678739       0.78776014588635102        1.9015207919806790E-003   1.0157929302782094       -4.4625781480586067E-004
   6.4007262699999996E-003  0.98457489843912105       0.80012830465757701        1.9616735007946910E-003   1.0153586583423220       -4.4220420309927527E-004
   6.5454267900000003E-003  0.98503754632418694       0.81219344562779960        2.0335621216261623E-003   1.0148793729976930       -4.4564520017951868E-004
   6.6914013599999999E-003  0.98548857799071565       0.82396595352980584        2.0935804801550132E-003   1.0144177309711271       -4.4156387273409421E-004
   6.8386718600000002E-003  0.98597423209568524       0.83541080112136124        2.1651393749269618E-003   1.0139156739702744       -4.4500283874579467E-004
   6.9872601899999996E-003  0.98644604139946734       0.84654001064434281        2.2245122253017756E-003   1.0134335909150971       -4.4088341188818007E-004
   7.1371886899999999E-003  0.98694810218269424       0.85731919665613010        2.2952213133326372E-003   1.0129156620393858       -4.4432897828128163E-004
   7.2884797100000003E-003  0.98743384586113925       0.86776233447751394        2.3534204631948806E-003   1.0124202787006502       -4.4016118777044877E-004
   7.4411565400000004E-003  0.98794555554870511       0.87783606939281544        2.4227485369079258E-003   1.0118934888863855       -4.4362239944955646E-004
   7.5952424700000002E-003  0.98843828979722370       0.88755665310790288        2.4792403254542943E-003   1.0113919957900139       -4.3939557830573417E-004
   7.7507616999999999E-003  0.98895289468845449       0.89689224212474117        2.5466581117876176E-003   1.0108632962949493       -4.4288191661367261E-004
   7.9077379799999993E-003  0.98944574607654656       0.90586141528119735        2.6009171159041672E-003   1.0103627554553567       -4.3858545265193667E-004
   8.0661959900000003E-003  0.98995664080443002       0.91443423404790891        2.6659107282530677E-003   1.0098388898652237       -4.4210617397720249E-004
   8.2261608900000005E-003  0.99044297776383217       0.92263190412238572        2.7174344416409191E-003   1.0093460598780499       -4.3773011689943593E-004
   8.3876587500000006E-003  0.99094388559530955       0.93042665826392978        2.7795213621503458E-003   1.0088333827938862       -4.4129407575228656E-004
   8.5507156300000005E-003  0.99141749964081605       0.93784257152116368        2.8278464473501502E-003   1.0083545383470038       -4.3682921362115398E-004
   8.7153585600000007E-003  0.99190263381287413       0.94485411115956319        2.8865906241419929E-003   1.0078588570787692       -4.4044482789463226E-004
   8.8816145400000008E-003  0.99235789876028480       0.95148845249788216        2.9313076586210940E-003   1.0073996344389742       -4.3588273507368992E-004
   9.0495105799999996E-003  0.99282210554102268       0.95772225778097897        2.9863339361679625E-003   1.0069260723592011       -4.3955789531461236E-004
   9.2190746200000000E-003  0.99325411619800119       0.96358593728719333        3.0271012519762800E-003   1.0064913382832545       -4.3489115528068227E-004
   9.3903355300000001E-003  0.99369300248288805       0.96905833679950559        3.0781091494604131E-003   1.0060442161571204       -4.3863296834901496E-004
   9.5633221800000001E-003  0.99409770111708573       0.97417308295460980        3.1146659159908626E-003   1.0056379511135460       -4.3385516315979386E-004
   9.7380643700000005E-003  0.99450773075332444       0.97891101866883934        3.1614408651593831E-003   1.0052207012140832       -4.3766986780832944E-004
   9.9145919099999993E-003  0.99488192841597956       0.98330881222243427        3.1936164108463377E-003   1.0048459901396469       -4.3277488163796053E-004
   1.0092935500000001E-002  0.99526047348456526       0.98734910607797854        3.2360401125967300E-003   1.0044611150172571       -4.3666919984017901E-004
   1.0273126900000000E-002  0.99560190001015492       0.99107127353240632        3.2637591163634633E-003   1.0041201078157407       -4.3165134146792503E-004
   1.0455197700000000E-002  0.99594725872210255       0.99445955466302760        3.3018092968620169E-003   1.0037691732803333       -4.3563189752308896E-004
   1.0639180400000000E-002  0.99625461713951624       0.99755537891800650        3.3250951243035958E-003   1.0034630399635742       -4.3048587089542867E-004
   1.0825108700000001E-002  0.99656598649935080        1.0003445833209066        3.3588430803687475E-003   1.0031467125431774       -4.3455803327645411E-004
   1.1013016100000000E-002  0.99683888288841338        1.0028695710467015        3.3778129341846086E-003   1.0028757218044573       -4.2927959261456985E-004
   1.1202937000000000E-002  0.99711630960399644        1.0051181186198004        3.4074202675850960E-003   1.0025938246690913       -4.3344827142779193E-004
   1.1394905900000000E-002  0.99735516648704436        1.0071321021704209        3.4222766508568122E-003   1.0023574374735142       -4.2803362839064673E-004
   1.1588958999999999E-002  0.99759944724799499        1.0089017607628006        3.4479856275534760E-003   1.0021090556885670       -4.3230315287954028E-004
   1.1785132800000001E-002  0.99780542417235618        1.0104670354810634        3.4590038265784563E-003   1.0019060086791962       -4.2674931344357570E-004
   1.1983464500000001E-002  0.99801799304781880        1.0118207971613395        3.4811243410765250E-003   1.0016896055639761       -4.3112273787068500E-004
   1.2183991300000000E-002  0.99819285823732773        1.0129999616845977        3.4886367377344831E-003   1.0015180416784115       -4.2542769792311988E-004
   1.2386751400000000E-002  0.99837566563818714        1.0140000100834810        3.5075286784211064E-003   1.0013315812648864       -4.2990674946143326E-004
   1.2591784800000000E-002  0.99852166173935630        1.0148539816742002        3.5119076799705155E-003   1.0011891845713634       -4.2406954275671951E-004
   1.2799130800000001E-002  0.99867705377004856        1.0155598801951711        3.5279623196836606E-003   1.0010302523839592       -4.2865424854164136E-004
   1.3008830100000000E-002  0.99879676610042867        1.0161461458445551        3.5296023382452484E-003   1.0009143784943944       -4.2267582562457252E-004
   1.3220924900000000E-002  0.99892735464166205        1.0166132494539661        3.5432225817226938E-003   1.0007803113012923       -4.2736305297523720E-004
   1.3435456900000000E-002  0.99902359768369531        1.0169844865877051        3.5425229955218761E-003   1.0006880981551300       -4.2124784519986601E-004
   1.3652470000000000E-002  0.99913210872325875        1.0172627553618114        3.5541043833460500E-003   1.0005761338534267       -4.2603126072910606E-004
   1.3872007800000001E-002  0.99920785311299865        1.0174658402124517        3.5514532700227685E-003   1.0005045759494178       -4.1978226800462950E-004
   1.4094115200000000E-002  0.99929691351308991        1.0175991862445408        3.5613716131845416E-003   1.0004120497522357       -4.2467411266332826E-004
   1.4318837799999999E-002  0.99935524040385748        1.0176744203210100        3.5571327169627806E-003   1.0003580553182574       -4.1827279517137771E-004
   1.4546223000000000E-002  0.99942712564686387        1.0177005002701212        3.5657312649013733E-003   1.0002826652845547       -4.2328134150658160E-004
   1.4776318300000001E-002  0.99947118997962081        1.0176811181454521        3.5600499815337198E-003   1.0002430762523637       -4.1670890550055286E-004
   1.5009172300000000E-002  0.99952904920565144        1.0176265510103533        3.5677996745189029E-003   1.0001816487282782       -4.2184783335750035E-004
   1.5244834100000000E-002  0.99956111725937269        1.0175471339405313        3.5611633394680977E-003   1.0001542010327023       -4.1508656573899352E-004
   1.5483355100000000E-002  0.99960718329549336        1.0174392443885649        3.5681629745615206E-003   1.0001044807159050       -4.2037467984287340E-004
   1.5724785599999999E-002  0.99963068557052037        1.0173239311759770        3.5609666587358099E-003   1.0000857427106218       -4.1341601294182952E-004
   1.5969179600000001E-002  0.99966657893542121        1.0171789576320391        3.5672413041328232E-003   1.0000460952505024       -4.1886469854803004E-004
   1.6216590999999999E-002  0.99968119666282118        1.0170248786228226        3.5595533658647396E-003   1.0000364023778523       -4.1168012321589250E-004
   1.6467073900000000E-002  0.99971004480220038        1.0168656380222780        3.5653892055291922E-003   1.0000036776581214       -4.1731575223668014E-004
   1.6720684199999999E-002  0.99971836593754682        1.0166922042559299        3.5573400264272380E-003   1.0000004505975959       -4.0988861772723147E-004
   1.6977479699999999E-002  0.99974151680397105        1.0165250945793294        3.5629274222631368E-003  0.99997329642053956       -4.1571410067473555E-004
   1.7237518000000000E-002  0.99974508298656872        1.0163428966821639        3.5545948864074747E-003  0.99997499631181419       -4.0803837864656039E-004
   1.7500858800000001E-002  0.99976409486081297        1.0161735492496500        3.5600634207832780E-003  0.99995184540248094       -4.1406468919691136E-004
   1.7767561599999999E-002  0.99976380315185487        1.0159893234620994        3.5514987241492741E-003  0.99995758634521303       -4.0612315591914575E-004
   1.8037688000000000E-002  0.99978030710153243        1.0158207619861421        3.5569502003961651E-003  0.99993679371758026       -4.1236923457133463E-004
   1.8311301200000001E-002  0.99977646037647161        1.0156393005269166        3.5481658477524419E-003  0.99994628792093443       -4.0413949827413438E-004
   1.8588466599999999E-002  0.99979227899882084        1.0154726624202943        3.5536667362713456E-003  0.99992601592751185       -4.1062639303455052E-004
   1.8869249200000000E-002  0.99978498863018606        1.0152968560949622        3.5447166273911710E-003  0.99993916688936579       -4.0208658985086575E-004
   1.9153716000000001E-002  0.99980081153924305        1.0151335249844746        3.5502809955127290E-003  0.99991871534818100       -4.0882933179485693E-004
   1.9441936199999999E-002  0.99979075909472825        1.0149642167316568        3.5411978573201518E-003  0.99993484916511033       -3.9996808737861623E-004
   1.9733980299999999E-002  0.99980677470803714        1.0148051544635706        3.5468349630958396E-003  0.99991402503467974       -4.0697324306899259E-004
   2.0029919199999999E-002  0.99979471200767434        1.0146423239169116        3.5376355792790496E-003  0.99993239406606826       -3.9778432590521594E-004
   2.0329825600000000E-002  0.99981094651506119        1.0144880211991751        3.5433527623988884E-003  0.99991116738209485       -4.0505730135273157E-004
   2.0633773899999999E-002  0.99979749445617938        1.0143313215418288        3.5340443487890797E-003  0.99993115509935793       -3.9553426091633553E-004
   2.0941840499999999E-002  0.99981393507887995        1.0141819263979301        3.5398472725698621E-003  0.99990953367905810       -4.0308222952345203E-004
   2.1254103600000001E-002  0.99979954586910558        1.0140309143418396        3.5304311544126195E-003  0.99993069393670908       -3.9321618294267430E-004
   2.1570641500000001E-002  0.99981617496529052        1.0138863584684930        3.5363237882945985E-003  0.99990868933005261       -4.0104798756538236E-004
   2.1891536199999999E-002  0.99980115628246480        1.0137405843325351        3.5267979477542314E-003  0.99993072179878351       -3.9082819710881919E-004
   2.2216869500000000E-002  0.99981795764190751        1.0136006810794480        3.5327835052863638E-003  0.99990834277148555       -3.9895466633959562E-004
   2.2546725300000001E-002  0.99980251151206612        1.0134597165339541        3.5231436858399966E-003  0.99993105360169121       -3.8836919842970003E-004
   2.2881191200000001E-002  0.99981946915457398        1.0133242286720501        3.5292249735536978E-003  0.99990830756331539       -3.9680281165811070E-004
   2.3220354700000001E-002  0.99980372739618761        1.0131876743263522        3.5194654227571928E-003  0.99993157415663481       -3.8583821728734502E-004
   2.3564305200000000E-002  0.99982082300854802        1.0130563530689081        3.5256458787494456E-003  0.99990846976557468       -3.9459304047412811E-004
   2.3913135799999999E-002  0.99980487390568029        1.0129238462760140        3.5157600600892389E-003  0.99993221412143463       -3.8323432374826722E-004
   2.4266939599999999E-002  0.99982209354122298        1.0127964461807470        3.5220423887907626E-003  0.99990875488992681       -3.9232556232622162E-004
   2.4625813600000001E-002  0.99980599479686449        1.0126676679576261        3.5120237930400659E-003  0.99993293012294915       -3.8055695084730057E-004
   2.4989854499999999E-002  0.99982333682711810        1.0125439467460764        3.5184084247623757E-003  0.99990910748366901       -3.8999946334191494E-004
   2.5359163099999998E-002  0.99980711784829079        1.0124186288101737        3.5082529081168347E-003  0.99993369455226833       -3.7780584592341719E-004
   2.5733841600000001E-002  0.99982457973609484        1.0122983649932529        3.5147376998606061E-003  0.99990950075070328       -3.8761463236101787E-004
   2.6113996300000001E-002  0.99980825992215872        1.0121762676666155        3.5044434896348412E-003  0.99993448895616166       -3.7498332447086631E-004
   2.6499733300000002E-002  0.99982584214564207        1.0120592554535519        3.5110239959530972E-003  0.99990991335201462       -3.8517319686005386E-004
   2.6891162600000001E-002  0.99980943299912028        1.0119401637710632        3.5005909330359446E-003  0.99993529946934490       -3.7209213082906511E-004
   2.7288395900000002E-002  0.99982714104913561        1.0118262121528203        3.5072612647374800E-003  0.99991032657226619       -3.8267766434925730E-004
   2.7691546800000001E-002  0.99981064570565170        1.0117099351174430        3.4966920816735755E-003  0.99993611629950208       -3.6913396238077279E-004
   2.8100732699999999E-002  0.99982848142538738        1.0115988757249694        3.5034467581094480E-003  0.99991073468607028       -3.8012912227832445E-004
   2.8516072800000000E-002  0.99981190361362493        1.0114852380780870        3.4927450896580165E-003  0.99993693412134921       -3.6610845854513353E-004
   2.8937688100000001E-002  0.99982986344059588        1.0113769179228262        3.4995824724792322E-003  0.99991113614729588       -3.7752958180477372E-004
   2.9365703500000000E-002  0.99981320685178610        1.0112657620357819        3.4887516719221273E-003  0.99993775232930127       -3.6301631410246742E-004
   2.9800247400000000E-002  0.99983128611704453        1.0111600413213320        3.4956727779478038E-003  0.99991153011239753       -3.7488169746311767E-004
   3.0241450300000000E-002  0.99981455142948417        1.0110512163673973        3.4847142078662046E-003  0.99993857407436226       -3.5985875335785034E-004
   3.0689446299999999E-002  0.99983274369404662        1.0109479823944127        3.4917200300483165E-003  0.99991191999259887       -3.7218889419509245E-004
   3.1144371300000001E-002  0.99981593109251321        1.0108413329982944        3.4806293337808912E-003  0.99993940762152955       -3.5663284662433900E-004
   3.1606364999999997E-002  0.99983423090666845        1.0107404983844395        3.4877198999533768E-003  0.99991231236760358       -3.6944925630989789E-004
   3.2075568999999998E-002  0.99981733926282679        1.0106358810163121        3.4764926221564573E-003  0.99994026205743158       -3.5333493872454158E-004
   3.2552130499999998E-002  0.99983574218282600        1.0105373576103607        3.4836677365541976E-003  0.99991271352873867       -3.6666173607889885E-004
   3.3036198500000002E-002  0.99981877484380188        1.0104346738499328        3.4723002184422437E-003  0.99994113941883089       -3.4996365940113299E-004
   3.3527925600000001E-002  0.99983727940848810        1.0103383295206658        3.4795572602697158E-003  0.99991311939972138       -3.6382952555076141E-004
   3.4027468399999997E-002  0.99982023149201671        1.0102374942168253        3.4680464063474221E-003  0.99994204537307119       -3.4651999489112044E-004
   3.4534987099999997E-002  0.99983888461501169        1.0101431281057871        3.4753803255620813E-003  0.99991348718147000       -3.6095373902655687E-004
   3.5050645499999998E-002  0.99982170689154981        1.0100441148436552        3.4637235842185227E-003  0.99994298378812685       -3.4300168327353265E-004
   3.5574607600000002E-002  0.99984062765232162        1.0099514183244878        3.4711219388497399E-003  0.99991374903549035       -3.5803143756467810E-004
   3.6107044700000000E-002  0.99982320112995082        1.0098543243806086        3.4593258962455184E-003  0.99994395297186589       -3.3941106287469522E-004
   3.6648131899999999E-002  0.99984242121032019        1.0097631355538845        3.4667714665352054E-003  0.99991399157922423       -3.5506364045586708E-004
   3.7198048099999999E-002  0.99982472060745431        1.0096680012476913        3.4548445503422339E-003  0.99994494750881602       -3.3574669702976203E-004
   3.7756975700000001E-002  0.99984426501554913        1.0095781634946495        3.4623142346777843E-003  0.99991422032150035       -3.5204271727937099E-004
   3.8325104899999997E-002  0.99982627725524009        1.0094850474607300        3.4502821658088860E-003  0.99994595796670926       -3.3200494128324753E-004
   3.8902625400000002E-002  0.99984600066864526        1.0093966202252840        3.4577430163036417E-003  0.99991459585647058       -3.4896548499001171E-004
   3.9489734899999997E-002  0.99982786290561176        1.0093052853354141        3.4456253185904256E-003  0.99994699045407520       -3.2818879796482896E-004
   4.0086634500000003E-002  0.99984754623733763        1.0092183725995347        3.4530545410656433E-003  0.99991519696239228       -3.4583654770840486E-004
   4.0693528999999999E-002  0.99982947980600767        1.0091284995081076        3.4408549985816880E-003  0.99994804556179151       -3.2429412962092617E-004
   4.1310630700000003E-002  0.99984908378092296        1.0090430428017396        3.4482447916958574E-003  0.99991584963401314       -3.4264414782622009E-004
   4.1938155900000003E-002  0.99983116906166736        1.0089545561059301        3.4359653720627773E-003  0.99994908771232283       -3.2031287236233255E-004
   4.2576324200000001E-002  0.99985067404704375        1.0088705566091334        3.4433082622820164E-003  0.99991649379124514       -3.3938730621996949E-004
   4.3225362900000001E-002  0.99983297797800441        1.0087834840451375        3.4309502360605703E-003  0.99995005927843505       -3.1626006174963222E-004
   4.3885502999999999E-002  0.99985234516943555        1.0087010170893354        3.4382293975782140E-003  0.99991710160479896       -3.3606557640957960E-004
   4.4556979099999998E-002  0.99983491647382017        1.0086154330499055        3.4257955335334138E-003  0.99995093025954951       -3.1216496505041098E-004
   4.5240033399999997E-002  0.99985409636646727        1.0085345405395123        3.4329884335854099E-003  0.99991766328231058       -3.3269437025634194E-004
   4.5934915500000000E-002  0.99983698074791905        1.0084504271392729        3.4204743277677580E-003  0.99995168397679035       -3.0805743272399383E-004
   4.6641878800000001E-002  0.99985589649326911        1.0083710134105337        3.4275886356949772E-003  0.99991819394478998       -3.2929704577467782E-004
   4.7361183899999999E-002  0.99983913663444357        1.0082882112394138        3.4149831717303924E-003  0.99995233618635759       -3.0396430296984392E-004
   4.8093099100000002E-002  0.99985768893539995        1.0082099873698223        3.4220389496160686E-003  0.99991873892059369       -3.2589005780709680E-004
   4.8837896399999997E-002  0.99984129799898658        1.0081281594036231        3.4093277722389340E-003  0.99995296783483123       -2.9989315172524735E-004
   4.9595855199999997E-002  0.99985943326481375        1.0080511073625089        3.4163441397012479E-003  0.99991934360762047       -3.2246616612250848E-004
   5.0367262199999999E-002  0.99984336879391456        1.0079697910426189        3.4035148217483636E-003  0.99995368667209394       -2.9582693859923990E-004
   5.1152411799999999E-002  0.99986112270822425        1.0078942603914314        3.4105000118239970E-003  0.99992002966817639       -3.1900366987797622E-004
   5.1951605800000002E-002  0.99984530783567227        1.0078132311105827        3.3975489235775853E-003  0.99995455069199046       -2.9174116863765157E-004
   5.2765149599999998E-002  0.99986279550730883        1.0077395706111356        3.4044986492641608E-003  0.99992076433570887       -3.1549458526697837E-004
   5.3593359899999998E-002  0.99984725419993092        1.0076590477035714        3.3914286825889556E-003  0.99995546788050416       -2.8756722663367165E-004
   5.4436560699999997E-002  0.99986458372945086        1.0075871795674207        3.3983311540411567E-003  0.99992144296693297       -3.1189892961474755E-004
   5.5295083699999997E-002  0.99984929919482413        1.0075070454586215        3.3851346028387413E-003  0.99995639730313468       -2.8323167795865970E-004
   5.6169267699999997E-002  0.99986651389432180        1.0074371992072670        3.3919482385012792E-003  0.99992209585658987       -3.0813389208114196E-004
   5.7059459399999998E-002  0.99985132237618923        1.0073567692022698        3.3786139655404440E-003  0.99995741846733788       -2.7879420634368624E-004
   5.7966016199999998E-002  0.99986845034900973        1.0072893285979514        3.3852898555866511E-003  0.99992284415598220       -3.0422061980138698E-004
   5.8889303400000002E-002  0.99985324434970846        1.0072085877935779        3.3718220455784082E-003  0.99995853811859392       -2.7436070981379403E-004
   5.9829697000000001E-002  0.99987029901294544        1.0071430806148554        3.3782792865461957E-003  0.99992372919407180       -3.0023600668217646E-004
   6.0787580899999999E-002  0.99985514131583220        1.0070620145465581        3.3647107226921604E-003  0.99995968906596955       -2.6991804491165319E-004
   6.1763349900000000E-002  0.99987199138729099        1.0069985219061339        3.3708612871543673E-003  0.99992479006788715       -2.9622291152003514E-004
   6.2757402700000006E-002  0.99985729894056563        1.0069181429365752        3.3572838911214145E-003  0.99996059463839970       -2.6545305808726202E-004
   6.3770152600000005E-002  0.99987367263162419        1.0068559642132948        3.3630378874777199E-003  0.99992589608345006       -2.9216023844452852E-004
   6.4802028200000000E-002  0.99985973363207048        1.0067764034988955        3.3495049587727176E-003  0.99996127435645465       -2.6091338129664090E-004
   6.5853461599999996E-002  0.99987566733744970        1.0067152684091187        3.3548159049439316E-003  0.99992681403709915       -2.8791476099922686E-004
   6.6924899800000007E-002  0.99986251992430120        1.0066367240656833        3.3413387492937647E-003  0.99996171352245278       -2.5621179244629641E-004
   6.8016797300000001E-002  0.99987809544484085        1.0065760760344034        3.3463778524828545E-003  0.99992751392969692       -2.8335537766770381E-004
   6.9129623500000001E-002  0.99986532493948965        1.0064986359458366        3.3329608140379454E-003  0.99996227730317044       -2.5130127847433680E-004
   7.0263862600000004E-002  0.99988078109947409        1.0064384377170219        3.3376882608443172E-003  0.99992824246741996       -2.7837883127083236E-004
   7.1420006499999994E-002  0.99986815423440878        1.0063620293741791        3.3243529220928093E-003  0.99996306808975632       -2.4602449929875578E-004
   7.2598561600000000E-002  0.99988363658911550        1.0063020950687094        3.3287925234480125E-003  0.99992906983966612       -2.7301066697226449E-004
   7.3800042299999993E-002  0.99987104803243032        1.0062262315969566        3.3154626869845924E-003  0.99996407470276816       -2.4033911394140512E-004
   7.5024984800000000E-002  0.99988673635980108        1.0061666073648337        3.3195794904779617E-003  0.99992997537082473       -2.6717250456232414E-004
   7.6273933099999996E-002  0.99987395148759950        1.0060918303978650        3.3061775197043403E-003  0.99996512318690101       -2.3457861418231345E-004
   7.7547445899999998E-002  0.99988985463434477        1.0060318925644978        3.3101744179413022E-003  0.99993103419880458       -2.6108392213885996E-004
   7.8846097000000004E-002  0.99987669667750823        1.0059583367097193        3.2966117257528346E-003  0.99996641213559001       -2.2869831691910549E-004
   8.0170474899999997E-002  0.99989318292969032        1.0058983438755855        3.3005949540189671E-003  0.99993210065789451       -2.5467807522795748E-004
   8.1521183299999994E-002  0.99988020650247533        1.0058258805518951        3.2869810967893695E-003  0.99996735162262884       -2.2221277526598190E-004
   8.2898840299999998E-002  0.99989700310613494        1.0057671110116269        3.2910567426367413E-003  0.99993316348980121       -2.4756052494297794E-004
   8.4304086900000005E-002  0.99988455362856232        1.0056951918941159        3.2773308695891053E-003  0.99996803852553273       -2.1487486307395214E-004
   8.5737571100000007E-002  0.99990128781950416        1.0056370218602884        3.2817758029228886E-003  0.99993445361821809       -2.3943453651823464E-004
   8.7199963599999999E-002  0.99988917354827733        1.0055647097413196        3.2676209228568978E-003  0.99996897030374687       -2.0678237472979336E-004
   8.8691957299999999E-002  0.99990598898716720        1.0055078414161822        3.2724218794118682E-003  0.99993584128451407       -2.3055932462515897E-004
   9.0214252499999995E-002  0.99989377833779891        1.0054356596193057        3.2574819342475344E-003  0.99997026468166750       -1.9818341399213167E-004
   9.1767579299999999E-002  0.99991073581948520        1.0053804354018412        3.2623665761542134E-003  0.99993740877037762       -2.2135542708794559E-004
   9.3352675400000001E-002  0.99989753543813908        1.0053072597929036        3.2465080830980349E-003  0.99997282413001298       -1.8897616222208897E-004
   9.4970308200000006E-002  0.99991570486627612        1.0052540990669838        3.2520446796265091E-003  0.99993936750645074       -2.1125731231629711E-004
   9.6621260000000000E-002  0.99990150043348114        1.0051814220052948        3.2351051392405096E-003  0.99997600503199613       -1.7856001607693343E-004
   9.8306335499999994E-002  0.99992119644142885        1.0051283753985558        3.2415560523107955E-003  0.99994167726799232       -1.9988585209904287E-004
  0.10002636199999999       0.99990578086903315        1.0050559021198073        3.2233890346120703E-003  0.99997957375682323       -1.6711873119645905E-004
  0.10178218000000000       0.99992705270367555        1.0050020902854662        3.2305604458611309E-003  0.99994390934879585       -1.8809599980651107E-004
  0.10357466300000000       0.99991037702038132        1.0049302642811939        3.2114408123572612E-003  0.99998317553185212       -1.5516900861167168E-004
  0.10540470500000000       0.99993288090738486        1.0048778073327662        3.2191665611543620E-003  0.99994664094966501       -1.7561889437182882E-004
  0.10727322100000000       0.99991520697089076        1.0048072093608682        3.1987316170038337E-003  0.99998692385793153       -1.4266481401161145E-004
  0.10918115800000000       0.99993824267473119        1.0047531116750492        3.2068772240540985E-003  0.99994989037831639       -1.6306684011108960E-004
  0.11112948500000000       0.99992049767880964        1.0046844630642842        3.1850279482991549E-003  0.99999079301272020       -1.2931279372207870E-004
  0.11311919199999999       0.99994439828259762        1.0046295029833443        3.1943005547261814E-003  0.99995280163452593       -1.4985052269129501E-004
  0.11515130100000000       0.99992756738776545        1.0045618562939884        3.1715041358254719E-003  0.99999409739219058       -1.1419065962482848E-004
  0.11722686100000000       0.99995145061911739        1.0045077099308042        3.1808849197152455E-003  0.99995569875604606       -1.3534762979382640E-004
  0.11934695400000001       0.99993514917652526        1.0044389486862091        3.1565948168324719E-003  0.99999686765072904       -9.9100538790529061E-005
  0.12151268100000000       0.99995776457398466        1.0043864199103703        3.1669728909407427E-003  0.99995876107262716       -1.2168019190166428E-004
  0.12372518300000000       0.99994432185151116        1.0043169026813410        3.1417615497243323E-003  0.99999883301528136       -8.2864530950280146E-005
  0.12598562199999999       0.99996451775054740        1.0042672488680442        3.1524454771588656E-003  0.99996210673680430       -1.0695942873183797E-004
  0.12829519800000000       0.99995369442992377        1.0041955683633117        3.1257146229970011E-003   1.0000006655399980       -6.6530701015259487E-005
  0.13065515500000000       0.99997128772126120        1.0041489142386395        3.1372334471773834E-003  0.99996534836694784       -9.2365768022735145E-005
  0.13306675900000001       0.99996328782916932        1.0040718501108472        3.1090135684319863E-003   1.0000029475759638       -4.9219683788351439E-005
  0.13553130599999999       0.99997947675984622        1.0040307067136289        3.1209280508245206E-003  0.99996769387649964       -7.7009767679064585E-005
  0.13805013899999999       0.99997247265556177        1.0039476755929591        3.0907065701608065E-003   1.0000062342805098       -3.1039701955632718E-005
  0.14062462700000000       0.99998857320173895        1.0039113459292093        3.1035958281351262E-003  0.99996958769948208       -6.0989433329058544E-005
  0.14325618700000001       0.99998094743065746        1.0038254567142646        3.0717923654125915E-003   1.0000105943514666       -1.2330057909084704E-005
  0.14594627900000001       0.99999636194002373        1.0037904291683095        3.0856191102371744E-003  0.99997287694048476       -4.4841138216075656E-005
  0.14869639300000001       0.99998884450365522        1.0037060140208867        3.0523004253034140E-003   1.0000150870898326        5.7309405012319980E-006
  0.15150806300000000        1.0000041983338950        1.0036713843529228        3.0664994085644382E-003  0.99997596010155299       -2.8923710611552865E-005
  0.15438287000000001       0.99999714782024329        1.0035888449576698        3.0314945579227597E-003   1.0000192886834003        2.3959837651325560E-005
  0.15732243700000001        1.0000123560153500        1.0035528770806945        3.0454970814326877E-003  0.99997957296594930       -1.1765701308274325E-005
  0.16032843299999999        1.0000067713727268        1.0034717902537131        3.0086729345456258E-003   1.0000234314081335        4.4027608634345007E-005
  0.16340257200000000        1.0000213090758849        1.0034343218078969        3.0229361667157336E-003  0.99998379038943486        7.4331193992271452E-006
  0.16654662800000000        1.0000181307717655        1.0033532800387515        2.9853331574862026E-003   1.0000276482883053        6.6734054454141678E-005
  0.16976241800000000        1.0000315163320996        1.0033173316530433        3.0016490966634285E-003  0.99998777600269606        2.8122375422871812E-005
  0.17305180400000000        1.0000301231587572        1.0032335570464985        2.9638054182539206E-003   1.0000327426795470        9.1642601482802666E-005
  0.17641671000000000        1.0000428922946420        1.0031996888803378        2.9824779704628944E-003  0.99999193258211128        5.0764622045689539E-005
  0.17985910199999999        1.0000439382445685        1.0031154201488823        2.9431389349519614E-003   1.0000382070233471        1.1974773566355082E-004
  0.18338102100000001        1.0000558855936947        1.0030824669421996        2.9626141301100097E-003  0.99999692780422333        7.6987210242744045E-005
  0.18698455400000000        1.0000595958212848        1.0029977896393130        2.9212285758471856E-003   1.0000436755612339        1.5054516822108691E-004
  0.19067184600000001        1.0000686990918040        1.0029672283781437        2.9393476509480573E-003   1.0000020967491712        1.0320114434389413E-004
  0.19444510300000001        1.0000743191303669        1.0028768476368597        2.8980279066325048E-003   1.0000491675625007        1.8001508302950995E-004
  0.19830660500000000        1.0000801136917241        1.0028505449021086        2.9146757416485623E-003   1.0000077379373074        1.2806450283710190E-004
  0.20225869099999999        1.0000885716455263        1.0027576448750510        2.8739308736393469E-003   1.0000546746069239        2.0882083829456831E-004
  0.20630377499999999        1.0000929394511322        1.0027331614059363        2.8881562325201947E-003   1.0000139796755450        1.5586067921357938E-004
  0.21044433100000001        1.0001017105121337        1.0026422473005561        2.8471757847533035E-003   1.0000623980876344        2.3923461561171252E-004
  0.21468290700000001        1.0001070651191428        1.0026197390682017        2.8597408901373258E-003   1.0000193458750497        1.8427560562830526E-004
  0.21902212500000001        1.0001180975079471        1.0025285854261108        2.8206271311900823E-003   1.0000670445078381        2.6989786235356649E-004
  0.22346468300000000        1.0001208092187925        1.0025051831083174        2.8315961632475626E-003   1.0000254624403546        2.1322847703317171E-004
  0.22801336600000000        1.0001333905020071        1.0024119895789698        2.7914954598553653E-003   1.0000727017404043        3.0044014596669410E-004
  0.23267103700000000        1.0001344873334752        1.0023925644191158        2.8033914192419520E-003   1.0000317016256561        2.4226417288407637E-004
  0.23744064600000001        1.0001475977584040        1.0022972226821012        2.7615714643398756E-003   1.0000777404666796        3.2849810408490409E-004
  0.24232521700000001        1.0001470553113341        1.0022827037194912        2.7718165093614821E-003   1.0000359997813089        2.6685187551309819E-004
  0.24732787900000000        1.0001607714740508        1.0021785929389950        2.7269028631978767E-003   1.0000840738917527        3.5693714648256912E-004
  0.25245183700000001        1.0001602771884099        1.0021647448033582        2.7381070319538081E-003   1.0000417312831222        2.9448274067782028E-004
  0.25770041300000002        1.0001765103952784        1.0020611554313599        2.6902371137563232E-003   1.0000905541001217        3.8933014451932680E-004
  0.26307699099999998        1.0001742356723402        1.0020473343876721        2.7018998448003389E-003   1.0000481894796798        3.2424715502373062E-004
  0.26858508599999997        1.0001930582253096        1.0019438050521519        2.6512981903444666E-003   1.0000963153389482        4.2185445878446478E-004
  0.27422830500000001        1.0001883440050330        1.0019313403641328        2.6663263969246044E-003   1.0000543045424188        3.5372999327516264E-004
  0.28001037200000001        1.0002101969642794        1.0018259536724983        2.6122262481342424E-003   1.0001027940502416        4.5628662028904195E-004
  0.28593513399999998        1.0002056488496514        1.0018154626525693        2.6256826241962549E-003   1.0000608462150589        3.8849501117265784E-004
  0.29200652199999999        1.0002278832182165        1.0017089054887269        2.5684642559654085E-003   1.0001104114617572        4.9317761063094937E-004
  0.29822862100000003        1.0002236312164168        1.0016976396078292        2.5854183742865505E-003   1.0000679047442713        4.2500167100383810E-004
  0.30460560300000000        1.0002488095500359        1.0015930290534427        2.5273501892295372E-003   1.0001185577872984        5.3556390035587370E-004
  0.31114178900000000        1.0002458309337106        1.0015800956526750        2.5426262149013004E-003   1.0000764310715979        4.6979707642869604E-004
  0.31784161900000002        1.0002699244757660        1.0014745601967343        2.4815168748110912E-003   1.0001267893004209        5.7834985382248486E-004
  0.32470965400000001        1.0002614980588194        1.0014638260135809        2.5016293109252925E-003   1.0000842562274044        5.0404711233781319E-004
  0.33175063100000002        1.0002868991693596        1.0013590986264127        2.4413104212608191E-003   1.0001346690452311        6.1458724639632391E-004
  0.33896940900000000        1.0002814877373034        1.0013492752802371        2.4590601947467984E-003   1.0000925906667408        5.4534178889423691E-004
  0.34637099500000001        1.0003071990656023        1.0012428129914814        2.3987875793012791E-003   1.0001418876384074        6.5470888011592615E-004
  0.35396054399999999        1.0002988085874074        1.0012342339460076        2.4178957523735981E-003   1.0000997333190433        5.8100832015002774E-004
  0.36174336099999999        1.0003294693002518        1.0011243502849621        2.3521165812373560E-003   1.0001503684928754        6.9954422001374612E-004
  0.36972492899999998        1.0003203763973996        1.0011167011324946        2.3704395547627126E-003   1.0001090088859785        6.2597697850195360E-004
  0.37791091199999999        1.0003508312088132        1.0010064298283021        2.3068026579142679E-003   1.0001581129001080        7.4198189484119264E-004
  0.38630712000000000        1.0003407337705263        1.0009995560905884        2.3225697214394156E-003   1.0001175344137005        6.6808780199817137E-004
  0.39491957400000000        1.0003725276302606        1.0008911770066444        2.2550091575695790E-003   1.0001657587371797        7.8476401916898375E-004
  0.40375444300000002        1.0003575565696332        1.0008839987689016        2.2747010412893492E-003   1.0001245259213427        7.0280906127859340E-004
  0.41281810400000002        1.0003913380565106        1.0007732979688009        2.2075201771977432E-003   1.0001735992058984        8.2362273817052848E-004
  0.42211714400000000        1.0003762604918824        1.0007693453039987        2.2228386480292691E-003   1.0001327547264500        7.4207750538076236E-004
  0.43165832799999998        1.0004081128074045        1.0006606455304357        2.1585469737678037E-003   1.0001801233257193        8.5759423288629590E-004
  0.44144865900000002        1.0003976119119908        1.0006499589483580        2.1681890517465476E-003   1.0001428043919620        7.8786163947533840E-004
  0.45149534899999999        1.0004250960993200        1.0005515019389029        2.1042127920657123E-003   1.0001856246145331        8.9037845794856204E-004
  0.46180581999999998        1.0004189191184700        1.0005331726228686        2.1061800184988852E-003   1.0001513762077159        8.3142673552978000E-004
  0.47238776100000002        1.0004421048760948        1.0004437013633900        2.0481242785799969E-003   1.0001925900259678        9.2533534555697681E-004
  0.48324906800000000        1.0004428313035063        1.0004193337467320        2.0407783917740082E-003   1.0001609786336365        8.8029332874774407E-004
  0.49439790800000000        1.0004511457457772        1.0003387696750401        1.9779314391220339E-003   1.0001967780527954        9.4462474366460985E-004
  0.50584268600000004        1.0004617366703150        1.0003067109035895        1.9690956377470510E-003   1.0001673326482980        9.1712329771575661E-004
  0.51759207200000001        1.0004606113801300        1.0002375603772340        1.9195314025651342E-003   1.0001993438113295        9.6216765522955507E-004
  0.52965503899999999        1.0004774863738550        1.0001971370424232        1.9106907428631237E-003   1.0001756622703446        9.5223399495651640E-004
  0.54204082499999995        1.0004710298981687        1.0001327061632017        1.8578259711447016E-003   1.0002043225941790        9.8461914635351237E-004
  0.55475890600000000        1.0004880225195045        1.0000937771323335        1.8496803232764326E-003   1.0001791693213089        9.7271031993742475E-004
  0.56781911799999996        1.0004919660948135        1.0000220686258865        1.7870937307670773E-003   1.0002119540179695        1.0262746165792533E-003
  0.58123165399999999        1.0005011701255642       0.99998965468835654        1.7921175589670876E-003   1.0001864895180637        1.0025555489839096E-003
  0.59500694300000001        1.0005187443209815       0.99990590951140790        1.7209567920262263E-003   1.0002215164574786        1.0792648525720487E-003
  0.60915577399999998        1.0005058962878526       0.99989219690520392        1.7337772923031371E-003   1.0001883574782608        1.0121706347849951E-003
  0.62368929399999995        1.0005393071073674       0.99978828646659579        1.6564313563846374E-003   1.0002282647602048        1.1190888810198351E-003
  0.63861900599999999        1.0005180702098415       0.99979029976694289        1.6748017901541854E-003   1.0001959623229166        1.0410117419823194E-003
  0.65395683100000002        1.0005680619074744       0.99967012296631175        1.5935288436240919E-003   1.0002378719440899        1.1750276640738217E-003
  0.66971498699999998        1.0005461013539929       0.99967209825068470        1.6106556725501396E-003   1.0002094156119044        1.1015033936538905E-003
  0.68590617200000004        1.0005905998184119       0.99955247861368468        1.5321180630886344E-003   1.0002458351786470        1.2195046461672453E-003
  0.70254343699999999        1.0005602892499199       0.99956422659109245        1.5376619867635425E-003   1.0002154721315084        1.1310234812640868E-003
  0.71964025499999995        1.0006171906515560       0.99943219792152604        1.4586926213409647E-003   1.0002564045938376        1.2736931427285553E-003
  0.73721057199999995        1.0005733499403806       0.99946386168474799        1.4827213186393981E-003   1.0002199771749449        1.1566373749646501E-003
  0.75526875299999996        1.0006514628941969       0.99930908836684884        1.3743977002527519E-003   1.0002687712511726        1.3417044312925557E-003
  0.77382963900000001        1.0005883308538681       0.99935634339335366        1.4096246780544624E-003   1.0002282178526805        1.1904999623217436E-003
  0.79290854899999996        1.0006602743396824       0.99919798141693417        1.3139893120026822E-003   1.0002716620479066        1.3587693280878485E-003
  0.81252133800000004        1.0006160641815873       0.99923525710890693        1.3466744376301909E-003   1.0002390589029817        1.2467497962048149E-003
  0.83268433799999997        1.0006750901403916       0.99907546892038479        1.2701875298288562E-003   1.0002783238701687        1.3900902394473167E-003
  0.85341441600000001        1.0006368877925584       0.99910933937946100        1.2913350317544300E-003   1.0002474192906576        1.2893070867959436E-003
  0.87472903700000004        1.0006921227232104       0.99893816322277906        1.2010263670455402E-003   1.0002877338080907        1.4286525924312905E-003
  0.89664620200000000        1.0006636271585116       0.99897084587410523        1.2369621269606066E-003   1.0002568687355382        1.3420792406982900E-003
  0.91918456599999998        1.0007258658292280       0.99876818303634507        1.1413919622813447E-003   1.0003029668305687        1.5000766371228741E-003
  0.94236332199999995        1.0007055029891652       0.99879528698853826        1.2054418211686537E-003   1.0002713544228581        1.4242694655682098E-003
  0.96620231899999998        1.0007748508669219       0.99854666702801831        1.1082553748105949E-003   1.0003244798189730        1.6028893722504138E-003
  0.99072212000000004        1.0007583601313905       0.99855395468425412        1.1849654127636775E-003   1.0002911665057621        1.5302440907027767E-003
   1.0159438800000000        1.0008627268946051       0.99856145097333660        1.0906564270056762E-003   1.0003054071143778        1.7032033409829892E-003
