   0.0000000000000000        1.0016440376248197        0.0000000000000000        0.0000000000000000        1.0000000000000000        2.3965563044017649E-003
   9.9999997500000001E-005   1.0001135679094779        2.0740081945756047E-002   6.8586877830372986E-006   1.0015299245872749        2.3960149374486614E-003
   2.0049999900000000E-004  0.99869702833556073        4.1511163899541154E-002   7.3582347497831089E-006   1.0029508607053894        2.3965658207950515E-003
   3.0150957199999998E-004  0.99728649728857210        6.2384679534175778E-002   2.1497772669152020E-005   1.0043693086732948        2.3964283249779225E-003
   4.0303840100000001E-004  0.99598075662913199        8.3293641679990524E-002   2.9155992899734858E-005   1.0056868350829091        2.3975727956749488E-003
   5.0509627899999999E-004  0.99468966073735876       0.10430365409958105        5.0716234213573273E-005   1.0069917182772024        2.3968667907877435E-003
   6.0769315999999998E-004  0.99349569391814496       0.12535077258136770        6.5681473194401845E-005   1.0082030724665791        2.3985584410931640E-003
   7.1083911499999998E-004  0.99232460524591426       0.14649396950246604        9.4809355239042616E-005   1.0093920517380823        2.3973313110146922E-003
   8.1454432800000004E-004  0.99124374855924946       0.16767281940042761        1.1724947064818591E-004   1.0104942157667731        2.3995252683602598E-003
   9.1881916199999998E-004  0.99019352195671761       0.18893891162075477        1.5410303720891862E-004   1.0115647942223069        2.3978225632777265E-003
   1.0236740299999999E-003  0.98922727910175245       0.21023577161671050        1.8418977115282369E-004   1.0125546949660620        2.4004749897702945E-003
   1.1291195400000001E-003  0.98829886144170365       0.23160689488382202        2.2891730703299926E-004   1.0135044180542587        2.3983417334698244E-003
   1.2351664499999999E-003  0.98744878698482086       0.25300014641855945        2.6680879164909778E-004   1.0143790533209502        2.4014077909376686E-003
   1.3418257000000001E-003  0.98664304970836070       0.27445034060474782        3.1953436778657350E-004   1.0152056913709038        2.3988912762002257E-003
   1.4491083600000000E-003  0.98591060091823735       0.29590993975643909        3.6535798872633932E-004   1.0159622923732941        2.4023238834171589E-003
   1.5570255900000001E-003  0.98522817283907016       0.31740460727471154        4.2616455859254487E-004   1.0166640247274041        2.3994744510141401E-003
   1.6655887000000000E-003  0.98461455572551315       0.33889149534334911        4.7999872094535694E-004   1.0173002276507694        2.4032240347315144E-003
   1.7748092100000001E-003  0.98405565158194119       0.36038694801588339        5.4891094134395125E-004   1.0178758322327770        2.4000952147755577E-003
   1.8846988700000000E-003  0.98356164691496195       0.38185270913426855        6.1076748021542842E-004   1.0183898718828710        2.4041101904281174E-003
   1.9952694400000000E-003  0.98312588596904793       0.40329595515144140        6.8773641100327351E-004   1.0188389240607056        2.4007578380945836E-003
   2.1065329200000002E-003  0.98275164524804015       0.42468250537672075        7.5754299987895594E-004   1.0192298592325209        2.4049869485250801E-003
   2.2185016399999999E-003  0.98243786869898153       0.44601109528602478        8.4244339337864944E-004   1.0195529271432013        2.4014646769311546E-003
   2.3311879499999999E-003  0.98218249562945004       0.46725086510568736        9.2002820475741191E-004   1.0198210859874208        2.4058590825962291E-003
   2.4446041800000001E-003  0.98198856676362090       0.48839296960491174        1.0125423820773335E-003   1.0200199476523646        2.4022251682932964E-003
   2.5587631399999998E-003  0.98185109240736790       0.50940820853185087        1.0976392038275400E-003   1.0201659022807468        2.4067136896493159E-003
   2.6736778700000002E-003  0.98177332674503226       0.53028329965943888        1.1974676910064205E-003   1.0202441505682467        2.4030521800979779E-003
   2.7893613999999999E-003  0.98175033312020576       0.55098837785884658        1.2895593140565746E-003   1.0202712185183429        2.4075927891273360E-003
   2.9058270200000001E-003  0.98178518968748085       0.57150638279740762        1.3962325826865477E-003   1.0202324145229291        2.4038988596362491E-003
   3.0230882100000002E-003  0.98187124866104825       0.59180829723484074        1.4947986581340402E-003   1.0201462278846301        2.4085285567636981E-003
   3.1411587299999999E-003  0.98201304929209354       0.61187234364595888        1.6075790015553115E-003   1.0199963064930555        2.4047860144581572E-003
   3.2600522999999999E-003  0.98220258606390387       0.63167035990093823        1.7118800723421679E-003   1.0198027643476506        2.4094933197963612E-003
   3.3797831299999998E-003  0.98244425159995052       0.65117768655346775        1.8300056086581313E-003   1.0195492855537940        2.4057358821593343E-003
   3.5003656500000001E-003  0.98272953065928448       0.67036674652173378        1.9391655724508234E-003   1.0192566494244946        2.4105083240354252E-003
   3.6218143100000002E-003  0.98306234211256238       0.68921098007479675        2.0616775758861925E-003   1.0189089602680919        2.4067476393967672E-003
   3.7441439900000001E-003  0.98343403806515717       0.70768349391953222        2.1746652246936531E-003   1.0185272280504545        2.4115812842122383E-003
   3.8673696100000000E-003  0.98384771981014496       0.72575703964269211        2.3004529872682265E-003   1.0180963474209792        2.4078279259003624E-003
   3.9915065300000002E-003  0.98429495827454627       0.74340573507578611        2.4160887764654525E-003   1.0176371605843479        2.4127208688025201E-003
   4.1165701100000004E-003  0.98477783138379604       0.76060280296933414        2.5439012572428255E-003   1.0171355708494425        2.4089820472790032E-003
   4.2425761899999997E-003  0.98528835747166166       0.77732394556854345        2.6608740108907476E-003   1.0166119920284633        2.4139355855954969E-003
   4.3695406100000000E-003  0.98582756316234987       0.79354397267806753        2.7893407102066001E-003   1.0160533595203129        2.4102149545612629E-003
   4.4974796500000004E-003  0.98638802099821765       0.80924094224244669        2.9062343369515124E-003   1.0154795359236541        2.4152329503232925E-003
   4.6264100799999998E-003  0.98696982371749831       0.82439235614091388        3.0338968411138508E-003   1.0148783544676063        2.4115314921256846E-003
   4.7563486699999996E-003  0.98756613436295237       0.83897951625064637        3.1492274711103986E-003   1.0142690861286183        2.4166189386062948E-003
   4.8873121899999997E-003  0.98817631254856009       0.85298349376161620        3.2745802928001639E-003   1.0136402394289532        2.4129359325694450E-003
   5.0193178499999998E-003  0.98879410955367886       0.86638974205323227        3.3868401419764826E-003   1.0130104997964609        2.4180978349398405E-003
   5.1523833500000003E-003  0.98941841947665821       0.87918388962625915        3.5083807437472710E-003   1.0123687615024617        2.4144313896612623E-003
   5.2865268699999997E-003  0.99004354842358533       0.89135642701693429        3.6160933916890166E-003   1.0117331676583323        2.4196725456113854E-003
   5.4217665500000001E-003  0.99066823463604492       0.90289819204300059        3.7323798542456851E-003   1.0110926689601358        2.4160195512897089E-003
   5.5581205500000001E-003  0.99128724689286463       0.91380532896703881        3.8341571111765935E-003   1.0104649744349687        2.4213448823747863E-003
   5.6956079799999997E-003  0.99189953864795921       0.92407439540603575        3.9438665061499907E-003   1.0098387020219639        2.4177006478717008E-003
   5.8342479199999997E-003  0.99250017186826578       0.93370779123075043        4.0384691489384356E-003   1.0092313185625659        2.4231153472055694E-003
   5.9740599200000001E-003  0.99308872886724031       0.94270785663784384        4.1404585249705588E-003   1.0086306790662136        2.4194737177369099E-003
   6.1150635599999999E-003  0.99366030825588814       0.95108355335251893        4.2268532266909352E-003   1.0080542920795450        2.4249833913001012E-003
   6.2572788399999999E-003  0.99421565674165968       0.95884268673283402        4.3202111296000816E-003   1.0074886967619952        2.4213357303584210E-003
   6.4007262699999996E-003  0.99474948139550490       0.96600094250354307        4.3976159061846157E-003   1.0069519044477035        2.4269456845029892E-003
   6.5454267900000003E-003  0.99526419405006972       0.97257083414431189        4.4816971140564012E-003   1.0064286232900908        2.4232837138970682E-003
   6.6914013599999999E-003  0.99575372325163913       0.97857455324825304        4.5496131835714784E-003   1.0059377824784383        2.4289974670589610E-003
   6.8386718600000002E-003  0.99622251502709824       0.98402831958490677        4.6240673198958675E-003   1.0054618828935791        2.4253144899753034E-003
   6.9872601899999996E-003  0.99666344021238473       0.98896023347026651        4.6822953145289493E-003   1.0050210702329876        2.4311331550178044E-003
   7.1371886899999999E-003  0.99708317585155259       0.99338906393419657        4.7470736018013970E-003   1.0045954412327134        2.4274241841190126E-003
   7.2884797100000003E-003  0.99747333011798545       0.99734766346565162        4.7957088048122430E-003   1.0042065751064468        2.4333478102104363E-003
   7.4411565400000004E-003  0.99784286384423670        1.0008561839909011        4.8510574000037807E-003   1.0038321152635401        2.4296103693712775E-003
   7.5952424700000002E-003  0.99818204944583666        1.0039511343110481        4.8904809475829314E-003   1.0034951520004485        2.4356376570978566E-003
   7.7507616999999999E-003  0.99850203180709252        1.0066527094931428        4.9369098297352403E-003   1.0031709812439065        2.4318702943955249E-003
   7.9077379799999993E-003  0.99879173532164167        1.0089996658750404        4.9677445176300244E-003   1.0028842170970944        2.4379993018846164E-003
   8.0661959900000003E-003  0.99906429862443047        1.0110110445105212        5.0059788145273877E-003   1.0026080039851319        2.4342015986093409E-003
   8.2261608900000005E-003  0.99930735027333439        1.0127264500890214        5.0290345087733593E-003   1.0023684251997311        2.4404300058285377E-003
   8.3876587500000006E-003  0.99953577311017083        1.0141627571304566        5.0599558855936467E-003   1.0021367283169766        2.4366027702718801E-003
   8.5507156300000005E-003  0.99973599383091161        1.0153590924818994        5.0761682642897956E-003   1.0019403672878140        2.4429283524653317E-003
   8.7153585600000007E-003  0.99992435513230660        1.0163293809182055        5.1007511305748900E-003   1.0017489815610650        2.4390734575696505E-003
   8.8816145400000008E-003   1.0000862073022294        1.0171111380628690        5.1111179964811624E-003   1.0015912637505657        2.4454930486156345E-003
   9.0495105799999996E-003   1.0002390650590822        1.0177148693599893        5.1303669847032156E-003   1.0014355390859024        2.4416141869111757E-003
   9.2190746200000000E-003   1.0003673378289617        1.0181755573163935        5.1358880257057959E-003   1.0013115929584711        2.4481233019572942E-003
   9.3903355300000001E-003   1.0004894609754249        1.0185002026007850        5.1507816616615399E-003   1.0011866978852182        2.4442269722267816E-003
   9.5633221800000001E-003   1.0005890182677522        1.0187204109736077        5.1524066271226463E-003   1.0010916000845924        2.4508182576318521E-003
   9.7380643700000005E-003   1.0006851806044352        1.0188403276607216        5.1638482722558676E-003   1.0009927241307905        2.4469168083758688E-003
   9.9145919099999993E-003   1.0007609016742423        1.0188864403441060        5.1624505877850436E-003   1.0009215503978861        2.4535762119082104E-003
   1.0092935500000001E-002   1.0008354877053627        1.0188625011146835        5.1712680576569007E-003   1.0008442903687240        2.4496843561363163E-003
   1.0273126900000000E-002   1.0008921853766626        1.0187871150590471        5.1674945699178984E-003   1.0007921916150113        2.4563903403036990E-003
   1.0455197700000000E-002   1.0009479365112488        1.0186680017501295        5.1746996614209619E-003   1.0007338048180960        2.4525319675279020E-003
   1.0639180400000000E-002   1.0009888842300132        1.0185165102220530        5.1690411326509658E-003   1.0006975184188109        2.4593183874469624E-003
   1.0825108700000001E-002   1.0010330823226274        1.0183483514595477        5.1752256996098504E-003   1.0006506608097792        2.4554159163080441E-003
   1.1013016100000000E-002   1.0010605897722960        1.0181431497745423        5.1679901668990492E-003   1.0006278936287372        2.4623168201075296E-003
   1.1202937000000000E-002   1.0010928139293587        1.0179287723358019        5.1732608224862664E-003   1.0005930071722133        2.4584098368367708E-003
   1.1394905900000000E-002   1.0011114670257806        1.0177031691921483        5.1652260602686774E-003   1.0005791409096800        2.4653813870045066E-003
   1.1588958999999999E-002   1.0011354342394012        1.0174705151723404        5.1698872171600753E-003   1.0005525188457716        2.4614875131022140E-003
   1.1785132800000001E-002   1.0011472469887697        1.0172348886202773        5.1613656959663074E-003   1.0005455481998289        2.4685438296326509E-003
   1.1983464500000001E-002   1.0011652001403615        1.0169977635597989        5.1656343916788834E-003   1.0005249413112700        2.4646546841414125E-003
   1.2183991300000000E-002   1.0011720459291336        1.0167601897014842        5.1568258644443307E-003   1.0005229978833574        2.4718029009198699E-003
   1.2386751400000000E-002   1.0011856550978495        1.0165262721113535        5.1608741459206750E-003   1.0005067372574530        2.4679200742202504E-003
   1.2591784800000000E-002   1.0011890541286641        1.0162922865352122        5.1518946582854693E-003   1.0005083039230755        2.4751639250992817E-003
   1.2799130800000001E-002   1.0011996042557487        1.0160654356800842        5.1558440532531932E-003   1.0004951065509504        2.4712897064501187E-003
   1.3008830100000000E-002   1.0012006209284390        1.0158382738718255        5.1467579652035118E-003   1.0004991234823923        2.4786350859041370E-003
   1.3220924900000000E-002   1.0012092010244276        1.0156200838808884        5.1506915631173667E-003   1.0004878999544431        2.4747681457657775E-003
   1.3435456900000000E-002   1.0012083836972345        1.0154015564372474        5.1415289191763369E-003   1.0004938257457345        2.4822247433665709E-003
   1.3652470000000000E-002   1.0012160119144651        1.0151921448639485        5.1454880473362670E-003   1.0004835555297436        2.4783607193791727E-003
   1.3872007800000001E-002   1.0012138228659551        1.0149827453411489        5.1362722528512815E-003   1.0004909345548769        2.4859377965311480E-003
   1.4094115200000000E-002   1.0012211308831118        1.0147819292864513        5.1402826776872513E-003   1.0004809855343129        2.4820754573104268E-003
   1.4318837799999999E-002   1.0012177775113624        1.0145817201551788        5.1310342671129026E-003   1.0004896145686077        2.4897788944331554E-003
   1.4546223000000000E-002   1.0012250836608469        1.0143891096685220        5.1350931585062223E-003   1.0004796681604682        2.4859175728004566E-003
   1.4776318300000001E-002   1.0012208764704913        1.0141975436250916        5.1258232679872139E-003   1.0004892382829123        2.4937493482676720E-003
   1.5009172300000000E-002   1.0012283013998888        1.0140127005914801        5.1299280201598666E-003   1.0004791754217592        2.4898912441535474E-003
   1.5244834100000000E-002   1.0012235117495465        1.0138290799981444        5.1206383292058616E-003   1.0004894166694775        2.4978530992267418E-003
   1.5483355100000000E-002   1.0012310998081650        1.0136515068319620        5.1247877745705791E-003   1.0004791937095623        2.4939992026403674E-003
   1.5724785599999999E-002   1.0012259212614660        1.0134751417641907        5.1154754074089299E-003   1.0004899136566661        2.5020925855685767E-003
   1.5969179600000001E-002   1.0012336899921326        1.0133043245570212        5.1196695845120805E-003   1.0004795137437483        2.4982438880287727E-003
   1.6216590999999999E-002   1.0012282457502193        1.0131345921852863        5.1103294027142875E-003   1.0004905919432903        2.5064726836429053E-003
   1.6467073900000000E-002   1.0012362008189932        1.0129700265055461        5.1145706628243940E-003   1.0004800094121802        2.5026291825100602E-003
   1.6720684199999999E-002   1.0012305609863836        1.0128063779555458        5.1051953410446360E-003   1.0004913795332318        2.5109988223011364E-003
   1.6977479699999999E-002   1.0012387026301208        1.0126475856149797        5.1094849326962814E-003   1.0004806144264762        2.5071609255848007E-003
   1.7237518000000000E-002   1.0012328982399774        1.0124895213344196        5.1000669840484351E-003   1.0004922472423081        2.5156740131840926E-003
   1.7500858800000001E-002   1.0012412249463549        1.0123360755721644        5.1044036215921853E-003   1.0004813027707002        2.5118442012548891E-003
   1.7767561599999999E-002   1.0012352640652471        1.0121831517411712        5.0949340768026048E-003   1.0004931910351225        2.5205019264324148E-003
   1.8037688000000000E-002   1.0012437770375548        1.0120346901787538        5.0993161689043276E-003   1.0004820674350692        2.5166822988780969E-003
   1.8311301200000001E-002   1.0012376516875774        1.0118864964291463        5.0897823590068001E-003   1.0004942188912185        2.5254843289220269E-003
   1.8588466599999999E-002   1.0012463523276591        1.0117426640344673        5.0942091103399721E-003   1.0004829142151344        2.5216740875359366E-003
   1.8869249200000000E-002   1.0012400523370968        1.0115988668817140        5.0845954320901231E-003   1.0004953372054055        2.5306177646668643E-003
   1.9153716000000001E-002   1.0012489426351123        1.0114593334913640        5.0890649929572207E-003   1.0004838478153233        2.5268145023340017E-003
   1.9441936199999999E-002   1.0012424714128365        1.0113197005667860        5.0793552935758301E-003   1.0004965365778413        2.5358963894768780E-003
   1.9733980299999999E-002   1.0012515552552947        1.0111841689948136        5.0838645094692285E-003   1.0004848563772457        2.5320968762208660E-003
   2.0029919199999999E-002   1.0012449336184892        1.0110485252534316        5.0740433124174212E-003   1.0004977893581515        2.5413158765999590E-003
   2.0329825600000000E-002   1.0012542179335846        1.0109167476033958        5.0785902608166096E-003   1.0004859096805423        2.5375175667088569E-003
   2.0633773899999999E-002   1.0012474694884330        1.0107848684766767        5.0686444167215234E-003   1.0004990643099576        2.5468751689357977E-003
   2.0941840499999999E-002   1.0012569631082193        1.0106566401838153        5.0732303218161247E-003   1.0004869756357604        2.5430770472135806E-003
   2.1254103600000001E-002   1.0012501063062553        1.0105282463225520        5.0631512277113230E-003   1.0005003349398072        2.5525753905625498E-003
   2.1570641500000001E-002   1.0012598016972383        1.0104033007659130        5.0677797928656730E-003   1.0004880439807449        2.5487762632922417E-003
   2.1891536199999999E-002   1.0012528492345520        1.0102780917636263        5.0575595180308549E-003   1.0005015980677090        2.5584194300526538E-003
   2.2216869500000000E-002   1.0012627323879788        1.0101561790124824        5.0622340319745962E-003   1.0004891173848383        2.5546171970561092E-003
   2.2546725300000001E-002   1.0012556883469312        1.0100338390551962        5.0518641132389023E-003   1.0005028652287924        2.5644096468388109E-003
   2.2881191200000001E-002   1.0012657668568656        1.0099148113820924        5.0565858796985386E-003   1.0004901844175540        2.5606001947656178E-003
   2.3220354700000001E-002   1.0012586341372052        1.0097951350403314        5.0460584300112687E-003   1.0005041262661272        2.5705465216624801E-003
   2.3564305200000000E-002   1.0012689204733110        1.0096787208733233        5.0508274510542382E-003   1.0004912267833910        2.5667209685487991E-003
   2.3913135799999999E-002   1.0012616897760129        1.0095616272859316        5.0401348103290113E-003   1.0005053732768456        2.5768231445408717E-003
   2.4266939599999999E-002   1.0012722371162515        1.0094476577997995        5.0449489998071499E-003   1.0004921971869150        2.5729744820643706E-003
   2.4625813600000001E-002   1.0012648623933251        1.0093329944972873        5.0340984490910992E-003   1.0005065944148825        2.5832326245358896E-003
   2.4989854499999999E-002   1.0012757091265789        1.0092213531123273        5.0389549941711933E-003   1.0004930982362270        2.5793533713208295E-003
   2.5359163099999998E-002   1.0012681696215702        1.0091090612226188        5.0279578091138137E-003   1.0005077685168318        2.5897697886439470E-003
   2.5733841600000001E-002   1.0012792995962900        1.0089997339322214        5.0328550797291670E-003   1.0004939650977662        2.5858551361609841E-003
   2.6113996300000001E-002   1.0012716029878141        1.0088896709436135        5.0217151216464433E-003   1.0005089094119766        2.5964424643141314E-003
   2.6499733300000002E-002   1.0012829934923948        1.0087825373879531        5.0266554044516767E-003   1.0004948228559905        2.5924944648532526E-003
   2.6891162600000001E-002   1.0012751285893484        1.0086746023279507        5.0153696500269077E-003   1.0005100666182356        2.6032734812120387E-003
   2.7288395900000002E-002   1.0012867451535516        1.0085694935797298        5.0203567068483066E-003   1.0004957323699568        2.5992935929052062E-003
   2.7691546800000001E-002   1.0012786952972317        1.0084636256667290        5.0089088747655936E-003   1.0005113095806659        2.6102896312736852E-003
   2.8100732699999999E-002   1.0012905040745272        1.0083604090923790        5.0139342308883434E-003   1.0004967662203614        2.6062848013411527E-003
   2.8516072800000000E-002   1.0012822643393202        1.0082564905198459        5.0022899543715488E-003   1.0005126989402049        2.6175228791441257E-003
   2.8937688100000001E-002   1.0012942577188055        1.0081551204586918        5.0073428971910573E-003   1.0004979542261097        2.6134933323846924E-003
   2.9365703500000000E-002   1.0012858083210614        1.0080529876083824        4.9954573054582837E-003   1.0005142711500317        2.6249864799081130E-003
   2.9800247400000000E-002   1.0012980119005352        1.0079533973336710        5.0005188070113690E-003   1.0004993005906389        2.6209338036189658E-003
   3.0241450300000000E-002   1.0012893234584879        1.0078529275331962        4.9883494099688935E-003   1.0005160399838764        2.6326950216048776E-003
   3.0689446299999999E-002   1.0013018010651455        1.0077549301238793        4.9933898608939663E-003   1.0005007816772338        2.6286219540818394E-003
   3.1144371300000001E-002   1.0012929083602078        1.0076561203837084        4.9809213291768673E-003   1.0005179046358967        2.6406451885394389E-003
   3.1606364999999997E-002   1.0013056675545566        1.0075595277906322        4.9859424954357976E-003   1.0005023488263129        2.6365485152087778E-003
   3.2075568999999998E-002   1.0012966133470567        1.0074625516131908        4.9731503941272395E-003   1.0005198245556033        2.6488511867592138E-003
   3.2552130499999998E-002   1.0013096834784043        1.0073677321731198        4.9781461769977733E-003   1.0005039475522717        2.6447391289493101E-003
   3.3036198500000002E-002   1.0013005521520040        1.0072725365785833        4.9649924640710226E-003   1.0005217313984207        2.6573791389471711E-003
   3.3527925600000001E-002   1.0013139004569154        1.0071796445238219        4.9699586461891309E-003   1.0005055596356545        2.6532424892217856E-003
   3.4027468399999997E-002   1.0013047107582822        1.0070856770394696        4.9564237149518171E-003   1.0005236482717725        2.6662423317617705E-003
   3.4534987099999997E-002   1.0013182691339368        1.0069946202289435        4.9613586080609296E-003   1.0005072334651359        2.6620572438681048E-003
   3.5050645499999998E-002   1.0013089583209227        1.0069018001391570        4.9474182186557223E-003   1.0005256939800036        2.6754233417428642E-003
   3.5574607600000002E-002   1.0013227051280627        1.0068124113752746        4.9523427662507948E-003   1.0005090440807403        2.6711698600859184E-003
   3.6107044700000000E-002   1.0013132008719514        1.0067206582209201        4.9379697279065401E-003   1.0005279267567624        2.6848701203953623E-003
   3.6648131899999999E-002   1.0013272418916479        1.0066328455992339        4.9429111116056522E-003   1.0005109064876989        2.6805050668221495E-003
   3.7198048099999999E-002   1.0013175530823253        1.0065414720456600        4.9280686419622697E-003   1.0005302150562827        2.6945579082941103E-003
   3.7756975700000001E-002   1.0013319804438960        1.0064554208333412        4.9330684109122362E-003   1.0005127200155681        2.6900632543703619E-003
   3.8325104899999997E-002   1.0013222318308224        1.0063642750647837        4.9177545389277799E-003   1.0005323230011161        2.7044587264646093E-003
   3.8902625400000002E-002   1.0013369933338878        1.0062803294001599        4.9228794289594953E-003   1.0005143845115043        2.6998040438120118E-003
   3.9489734899999997E-002   1.0013271729105184        1.0061897589836286        4.9070524628220032E-003   1.0005343422168518        2.7146126703867604E-003
   4.0086634500000003E-002   1.0013423639870604        1.0061082184682584        4.9123426565708993E-003   1.0005158661667204        2.7097997579375505E-003
   4.0693528999999999E-002   1.0013321015262746        1.0060188372288803        4.8959852509140919E-003   1.0005365615384834        2.7250405527729847E-003
   4.1310630700000003E-002   1.0013479060257489        1.0059394225608194        4.9013528625569134E-003   1.0005173357176695        2.7200277891392586E-003
   4.1938155900000003E-002   1.0013372073467739        1.0058532977794434        4.8845075862343620E-003   1.0005388093621681        2.7357685259177360E-003
   4.2576324200000001E-002   1.0013533079648147        1.0057733068174648        4.8898056469510098E-003   1.0005191223648002        2.7305143761600929E-003
   4.3225362900000001E-002   1.0013421777541962        1.0056890539357957        4.8725605218012799E-003   1.0005413457760497        2.7467202806178079E-003
   4.3885502999999999E-002   1.0013582777565526        1.0056073426619581        4.8777450734602702E-003   1.0005215038231381        2.7412389602532519E-003
   4.4556979099999998E-002   1.0013466595743781        1.0055227596483656        4.8601408775791914E-003   1.0005445560620785        2.7579431021739161E-003
   4.5240033399999997E-002   1.0013627747915925        1.0054412293593307        4.8653323181700302E-003   1.0005245385980845        2.7522277225301133E-003
   4.5934915500000000E-002   1.0013508819507246        1.0053572608558863        4.8472757622224222E-003   1.0005482432788850        2.7694837340519773E-003
   4.6641878800000001E-002   1.0013670923168405        1.0052759491723966        4.8523691317405278E-003   1.0005280005105834        2.7635782111736836E-003
   4.7361183899999999E-002   1.0013549780028463        1.0051929138123075        4.8338656494678984E-003   1.0005522407247667        2.7812930053167702E-003
   4.8093099100000002E-002   1.0013715897986724        1.0051135282018717        4.8387994580180302E-003   1.0005314693722731        2.7752013541031862E-003
   4.8837896399999997E-002   1.0013596876741651        1.0050326763007840        4.8197918274630594E-003   1.0005558642471317        2.7934514913442745E-003
   4.9595855199999997E-002   1.0013764488080643        1.0049540198082900        4.8245283082071636E-003   1.0005348128078615        2.7871687439908061E-003
   5.0367262199999999E-002   1.0013649780023159        1.0048736838883867        4.8052225165848240E-003   1.0005591282201227        2.8059320993581356E-003
   5.1152411799999999E-002   1.0013816179646597        1.0047957227897710        4.8098337668675602E-003   1.0005381145366590        2.7995276531042773E-003
   5.1951605800000002E-002   1.0013704242509769        1.0047156776175505        4.7903259304289273E-003   1.0005624447171739        2.8187168455262434E-003
   5.2765149599999998E-002   1.0013870877673405        1.0046395798752943        4.7948377986069216E-003   1.0005412171757275        2.8120344880351164E-003
   5.3593359899999998E-002   1.0013764731677961        1.0045595622611454        4.7753077156261238E-003   1.0005652846487743        2.8316850083403302E-003
   5.4436560699999997E-002   1.0013930534136619        1.0044858721011101        4.7798732993677732E-003   1.0005438780964460        2.8246197687270182E-003
   5.5295083699999997E-002   1.0013833726958874        1.0044066150320232        4.7601918753613194E-003   1.0005674419270520        2.8448973857255612E-003
   5.6169267699999997E-002   1.0013996250672070        1.0043356399470182        4.7649828602402688E-003   1.0005460778216650        2.8374157333527759E-003
   5.7059459399999998E-002   1.0013909933211089        1.0042580804414272        4.7449507324808715E-003   1.0005690022336742        2.8582901356993774E-003
   5.7966016199999998E-002   1.0014062390993350        1.0041883347700016        4.7501000916611094E-003   1.0005483297258984        2.8503497200193660E-003
   5.8889303400000002E-002   1.0013982654722726        1.0041119618137171        4.7293347134514906E-003   1.0005709247505152        2.8717033923524771E-003
   5.9829697000000001E-002   1.0014128662104589        1.0040428168240838        4.7349047165909548E-003   1.0005504750550822        2.8631472494840848E-003
   6.0787580899999999E-002   1.0014050034273907        1.0039653502918260        4.7133326804143756E-003   1.0005733874049747        2.8851260111292213E-003
   6.1763349900000000E-002   1.0014195275213282        1.0038976158558257        4.7192857278043976E-003   1.0005524008096558        2.8756741678370537E-003
   6.2757402700000006E-002   1.0014116823076997        1.0038210204302711        4.6971600997134811E-003   1.0005757615489348        2.8983333076189168E-003
   6.3770152600000005E-002   1.0014261703890415        1.0037517420888484        4.7031342647778180E-003   1.0005540399683057        2.8877558494814905E-003
   6.4802028200000000E-002   1.0014180515245101        1.0036763759778986        4.6807216031233409E-003   1.0005781019925983        2.9110397893881753E-003
   6.5853461599999996E-002   1.0014321152484043        1.0036067965680890        4.6864003306501681E-003   1.0005560321045834        2.8993347741156248E-003
   6.6924899800000007E-002   1.0014243213811740        1.0035321486196718        4.6636129262532531E-003   1.0005803520384200        2.9234694277126025E-003
   6.8016797300000001E-002   1.0014374937694084        1.0034632463279465        4.6687036812288153E-003   1.0005583252424803        2.9105271150818637E-003
   6.9129623500000001E-002   1.0014305237902958        1.0033886750284120        4.6455545923714484E-003   1.0005825472153864        2.9357206316806554E-003
   7.0263862600000004E-002   1.0014419022311574        1.0033202287861498        4.6499223843929844E-003   1.0005614117468860        2.9214627972210957E-003
   7.1420006499999994E-002   1.0014372060534680        1.0032472637284064        4.6267308423017213E-003   1.0005841485968272        2.9478049448902885E-003
   7.2598561600000000E-002   1.0014467897637100        1.0031804147811230        4.6302089394377041E-003   1.0005640239519105        2.9324048683682124E-003
   7.3800042299999993E-002   1.0014435847775816        1.0031071570170529        4.6073109211643816E-003   1.0005860370316784        2.9598656026209847E-003
   7.5024984800000000E-002   1.0014517647067325        1.0030414544339763        4.6095729712223891E-003   1.0005667397776856        2.9436257393954989E-003
   7.6273933099999996E-002   1.0014487133618186        1.0029645301947063        4.5871018458160662E-003   1.0005892392762632        2.9720208117996610E-003
   7.7547445899999998E-002   1.0014561872847891        1.0029036905173891        4.5882781609847345E-003   1.0005701543059533        2.9550609944506462E-003
   7.8846097000000004E-002   1.0014536710209885        1.0028258388211513        4.5659240811985156E-003   1.0005927945522368        2.9844421304480741E-003
   8.0170474899999997E-002   1.0014608258531488        1.0027674986800823        4.5659081531683960E-003   1.0005736300175061        2.9669006475430402E-003
   8.1521183299999994E-002   1.0014598029269555        1.0026900236438210        4.5436800943465631E-003   1.0005955861195364        2.9974613481814423E-003
   8.2898840299999998E-002   1.0014661777050720        1.0026316456206372        4.5427195043508135E-003   1.0005768611423966        2.9794236565809607E-003
   8.4304086900000005E-002   1.0014662391424425        1.0025542247281867        4.5203489085416512E-003   1.0005985322251869        3.0111500860146834E-003
   8.5737571100000007E-002   1.0014728277540033        1.0024986176937691        4.5188318383993240E-003   1.0005791779387179        2.9925054257490444E-003
   8.7199963599999999E-002   1.0014729242175588        1.0024225347080833        4.4960655615020233E-003   1.0006014675817172        3.0251861741153589E-003
   8.8691957299999999E-002   1.0014788727328028        1.0023670737452723        4.4938186964995777E-003   1.0005821464406655        3.0056561136527641E-003
   9.0214252499999995E-002   1.0014796395366896        1.0022922718374605        4.4702601439606145E-003   1.0006044696919965        3.0393638862113645E-003
   9.1767579299999999E-002   1.0014857573790530        1.0022410522103178        4.4677433907680236E-003   1.0005842961720510        3.0188362586780326E-003
   9.3352675400000001E-002   1.0014862779874387        1.0021694550915921        4.4431081637961748E-003   1.0006074045400752        3.0533313403955436E-003
   9.4970308200000006E-002   1.0014934795202721        1.0021188355048021        4.4401898468168378E-003   1.0005851441980871        3.0313376373695888E-003
   9.6621260000000000E-002   1.0014932085828470        1.0020437760715810        4.4153009954553393E-003   1.0006091943435185        3.0660533244720473E-003
   9.8306335499999994E-002   1.0015004742458680        1.0019917550971920        4.4123092009014184E-003   1.0005858811413024        3.0426158698746071E-003
  0.10002636199999999        1.0014990921840914        1.0019152253955885        4.3879409418698737E-003   1.0006110048934418        3.0772784696695967E-003
  0.10178218000000000        1.0015048554686647        1.0018622717882211        4.3842674843357233E-003   1.0005884896978074        3.0528145166358561E-003
  0.10357466300000000        1.0015035477146454        1.0017834140384994        4.3596420800384623E-003   1.0006134964825835        3.0874148957189458E-003
  0.10540470500000000        1.0015091503049545        1.0017349455795888        4.3554860564032592E-003   1.0005908524241658        3.0625283006362148E-003
  0.10727322100000000        1.0015091018541420        1.0016568702557842        4.3300694331599278E-003   1.0006155122573941        3.0984591577622352E-003
  0.10918115800000000        1.0015137026620122        1.0016053226806017        4.3249691907279531E-003   1.0005939010274998        3.0736190657118974E-003
  0.11112948500000000        1.0015160097808971        1.0015260417252787        4.2974706868582546E-003   1.0006176035157641        3.1115883230785494E-003
  0.11311919199999999        1.0015227695645901        1.0014788560544337        4.2937617052133453E-003   1.0005950064138118        3.0884577785126738E-003
  0.11515130100000000        1.0015236748288108        1.0014016535649040        4.2633140263376749E-003   1.0006202819110197        3.1266790783747197E-003
  0.11722686100000000        1.0015333864478329        1.0013553687413663        4.2603162588185804E-003   1.0005970229382815        3.1068875408117062E-003
  0.11934695400000001        1.0015316602128910        1.0012776323465391        4.2267805842164411E-003   1.0006235436182571        3.1430887581620544E-003
  0.12151268100000000        1.0015433850199464        1.0012279500818235        4.2249598587692358E-003   1.0006014049224876        3.1278690113445006E-003
  0.12372518300000000        1.0015400477230898        1.0011529546445668        4.1871785495899523E-003   1.0006273044254659        3.1608137424311757E-003
  0.12598562199999999        1.0015538879301604        1.0011000845718931        4.1864048906166025E-003   1.0006059710073487        3.1498550270311898E-003
  0.12829519800000000        1.0015489524326684        1.0010314524044566        4.1456348179946308E-003   1.0006311577371174        3.1794282843995839E-003
  0.13065515500000000        1.0015638950138208        1.0009758484561693        4.1465888319598314E-003   1.0006103471465910        3.1708406403369244E-003
  0.13306675900000001        1.0015579029122519        1.0009105859948422        4.1035003524066832E-003   1.0006342598486211        3.1970129389772037E-003
  0.13553130599999999        1.0015731100532028        1.0008526217254812        4.1057877120230270E-003   1.0006138133765428        3.1893426031180255E-003
  0.13805013899999999        1.0015648416095904        1.0007875780839379        4.0635060171270252E-003   1.0006377288527462        3.2121988439956181E-003
  0.14062462700000000        1.0015802419515663        1.0007315526504728        4.0614384883705676E-003   1.0006176390970392        3.2053310026494584E-003
  0.14325618700000001        1.0015724396994279        1.0006710904212603        4.0221761887521785E-003   1.0006398845615558        3.2264292140981826E-003
  0.14594627900000001        1.0015866431189995        1.0006123990062328        4.0173125151007063E-003   1.0006200603523525        3.2182030405880739E-003
  0.14869639300000001        1.0015810487579957        1.0005555631880434        3.9791371536720514E-003   1.0006400657992436        3.2392515050673780E-003
  0.15150806300000000        1.0015918488917832        1.0005020265471363        3.9733974720336874E-003   1.0006220734402933        3.2287355378906391E-003
  0.15438287000000001        1.0015866049818283        1.0004411943173370        3.9350037337790656E-003   1.0006433953748490        3.2522174504145680E-003
  0.15732243700000001        1.0015956616713431        1.0003868284365363        3.9270960682724915E-003   1.0006250638294036        3.2386631066201464E-003
  0.16032843299999999        1.0015941661448662        1.0003309568467071        3.8874681236230279E-003   1.0006461068048953        3.2672054684485677E-003
  0.16340257200000000        1.0016004381674948        1.0002751730374435        3.8778559995276546E-003   1.0006273880921381        3.2490238418095949E-003
  0.16654662800000000        1.0016007484591460        1.0002161878970235        3.8342779954357257E-003   1.0006493379583672        3.2815245542995178E-003
  0.16976241800000000        1.0016036271120989        1.0001689194382160        3.8281912515718114E-003   1.0006301962495718        3.2577754540271484E-003
  0.17305180400000000        1.0016040477816417        1.0001079913616033        3.7797769701680430E-003   1.0006510369344128        3.2888177994239648E-003
  0.17641671000000000        1.0016039011091431        1.0000671869693227        3.7790498356258125E-003   1.0006305959006783        3.2587586345275569E-003
  0.17985910199999999        1.0016044396073869        1.0000073058850250        3.7287523502213663E-003   1.0006520260193408        3.2908334739038996E-003
  0.18338102100000001        1.0016020716552867       0.99997006245558262        3.7259978811214583E-003   1.0006298394583848        3.2549856583311046E-003
  0.18698455400000000        1.0016070841848930       0.99990436882169742        3.6760506556374577E-003   1.0006511459808181        3.2934061401148360E-003
  0.19067184600000001        1.0016002025189488       0.99987328775600048        3.6696677842901091E-003   1.0006293561820594        3.2515536419182212E-003
  0.19444510300000001        1.0016101913336688       0.99980409106520773        3.6167195233711043E-003   1.0006518508763289        3.2989676598098854E-003
  0.19830660500000000        1.0015999098974291       0.99977425996583813        3.6060760413353142E-003   1.0006305042003572        3.2528029849806556E-003
  0.20225869099999999        1.0016109401648750       0.99970993868808133        3.5545743126527457E-003   1.0006526437513068        3.3012176183879350E-003
  0.20630377499999999        1.0016001077087187       0.99968290939586524        3.5391099591811442E-003   1.0006310690292997        3.2539162047182974E-003
  0.21044433100000001        1.0016117950246923       0.99961321303461925        3.4913329710751450E-003   1.0006534396846603        3.3036267058095493E-003
  0.21468290700000001        1.0016026099771673       0.99958525611786608        3.4738139818743948E-003   1.0006326389850311        3.2598583611483066E-003
  0.21902212500000001        1.0016126157626273       0.99952083102575362        3.4253298603642464E-003   1.0006517847284200        3.3024075355307259E-003
  0.22346468300000000        1.0016025131107715       0.99949460382055222        3.4089716029411248E-003   1.0006335826740322        3.2610949115827537E-003
  0.22801336600000000        1.0016126093312097       0.99942846760969284        3.3539056603343058E-003   1.0006529489556464        3.3040980152108388E-003
  0.23267103700000000        1.0016062422797709       0.99939987219768200        3.3347528609625125E-003   1.0006345636947431        3.2679668185856981E-003
  0.23744064600000001        1.0016167825128643       0.99933917075241141        3.2775920024557103E-003   1.0006540784871469        3.3118345519991092E-003
  0.24232521700000001        1.0016127057163262       0.99930730201914653        3.2561099067602963E-003   1.0006378789092083        3.2822351843991484E-003
  0.24732787900000000        1.0016223180880153       0.99924615523723725        3.2035609729536732E-003   1.0006558395493712        3.3224804923473674E-003
  0.25245183700000001        1.0016128813947711       0.99922118986596631        3.1801944172487329E-003   1.0006359792782984        3.2797178312170697E-003
  0.25770041300000002        1.0016215437181595       0.99916060386127703        3.1281059225392077E-003   1.0006552897212002        3.3205481345345710E-003
  0.26307699099999998        1.0016123056129762       0.99913977631122508        3.1026026712216884E-003   1.0006389541731007        3.2832215385957186E-003
  0.26858508599999997        1.0016261288505948       0.99907277358611501        3.0464760206918170E-003   1.0006566100105507        3.3291641306519800E-003
  0.27422830500000001        1.0016079172728538       0.99906330183383418        3.0286478770933777E-003   1.0006363996291776        3.2730906413812907E-003
  0.28001037200000001        1.0016291499527492       0.99899501045650640        2.9610042496676483E-003   1.0006565186549887        3.3334375729937964E-003
  0.28593513399999998        1.0015889268280802       0.99900263762033426        2.9555243855015822E-003   1.0006302613088891        3.2364279534571705E-003
  0.29200652199999999        1.0016166368528474       0.99892532865443817        2.8749636518526811E-003   1.0006514670766475        3.3078092058008574E-003
  0.29822862100000003        1.0015707870119250       0.99894224841143120        2.8716547149764677E-003   1.0006235026008392        3.2001005868097883E-003
  0.30460560300000000        1.0015927773230275       0.99887351442319627        2.7829273787541926E-003   1.0006420283864548        3.2592249529694675E-003
  0.31114178900000000        1.0015582123537634       0.99887998940283573        2.7761216783726557E-003   1.0006173852212124        3.1728273939569834E-003
  0.31784161900000002        1.0015673306137378       0.99882514450678739        2.7089292916003308E-003   1.0006318903046638        3.2073051011962208E-003
  0.32470965400000001        1.0015382800145896       0.99883111565389771        2.6963176936245963E-003   1.0006101830621010        3.1332386430031533E-003
  0.33175063100000002        1.0015430922469886       0.99877928883754652        2.6319443324603871E-003   1.0006216328297248        3.1569742179495385E-003
  0.33896940900000000        1.0015181503384034       0.99877831080831769        2.6174712386935438E-003   1.0006025871321189        3.0927875923919892E-003
  0.34637099500000001        1.0015197602135490       0.99873848103329810        2.5459967997190141E-003   1.0006130037798349        3.1103434579288110E-003
  0.35396054399999999        1.0015041363787516       0.99872954294284710        2.5207259140133382E-003   1.0005978723333397        3.0654635475476323E-003
  0.36174336099999999        1.0015081808550581       0.99868715253034079        2.4498344751448572E-003   1.0006090824518590        3.0877287367495308E-003
  0.36972492899999998        1.0014787004831747       0.99869038361225049        2.4388781296973338E-003   1.0005872480755027        3.0128526569829224E-003
  0.37791091199999999        1.0014886564770040       0.99864533727873961        2.3549307015201266E-003   1.0005993275714451        3.0450090981344888E-003
  0.38630712000000000        1.0014731673251045       0.99864011389805352        2.3312375456567337E-003   1.0005857667692890        3.0026195726794483E-003
  0.39491957400000000        1.0014732460353875       0.99860612607809884        2.2729444115906572E-003   1.0005934716478828        3.0139825262720786E-003
  0.40375444300000002        1.0014657689860971       0.99859182527322343        2.2446824446465670E-003   1.0005828364117149        2.9875505850558148E-003
  0.41281810400000002        1.0014628014682927       0.99856461422186304        2.1744453701957409E-003   1.0005881989935763        2.9910508458024332E-003
  0.42211714400000000        1.0014446581346594       0.99855979500194880        2.1506243368680138E-003   1.0005748550788891        2.9451074090590394E-003
  0.43165832799999998        1.0014259419414790       0.99854630301130598        2.0887227589398622E-003   1.0005733239064101        2.9155734322059935E-003
  0.44144865900000002        1.0014130544748174       0.99853701767847647        2.0608915595769616E-003   1.0005624744048762        2.8809383187585070E-003
  0.45149534899999999        1.0013822752889208       0.99853573908169779        2.0232892891745057E-003   1.0005556280690366        2.8260515873281809E-003
  0.46180581999999998        1.0013724057616442       0.99852893975137225        1.9945087468174580E-003   1.0005469971426337        2.7990577351429151E-003
  0.47238776100000002        1.0013610118909571       0.99851267297530977        1.9264889945453697E-003   1.0005467004382818        2.7820064067580279E-003
  0.48324906800000000        1.0013319824465674       0.99852440672883092        1.9076483266297105E-003   1.0005311043253131        2.7169011567334108E-003
  0.49439790800000000        1.0013287730939477       0.99849783453403185        1.8304181868487957E-003   1.0005335843483016        2.7158403130827153E-003
  0.50584268600000004        1.0012994260063379       0.99851494873031366        1.8181975899674177E-003   1.0005180471444963        2.6503590594262397E-003
  0.51759207200000001        1.0012982646095692       0.99848325562353413        1.7591154171092771E-003   1.0005212022131633        2.6532703806417660E-003
  0.52965503899999999        1.0012592592730343       0.99851353087453476        1.7534941481728002E-003   1.0005024479391571        2.5690086361778259E-003
  0.54204082499999995        1.0012886043194540       0.99845115462643808        1.6782242072955235E-003   1.0005169705202162        2.6330043879236402E-003
  0.55475890600000000        1.0012411032474404       0.99849427893244236        1.6898921081897067E-003   1.0004953737172269        2.5322037530560743E-003
  0.56781911799999996        1.0012702278089749       0.99842800099897200        1.6077155529519000E-003   1.0005093322953009        2.5950540412848474E-003
  0.58123165399999999        1.0012209777752097       0.99847393564670872        1.6259677406781415E-003   1.0004875083466533        2.4913722430313415E-003
  0.59500694300000001        1.0012507372948853       0.99841319821937902        1.5620286727221380E-003   1.0005008340601638        2.5542241499804971E-003
  0.60915577399999998        1.0012000659158047       0.99845928070763723        1.5624136947701187E-003   1.0004797228121438        2.4495108264494217E-003
  0.62368929399999995        1.0012072565980796       0.99842382708674737        1.5027250784207303E-003   1.0004835755636050        2.4656209350940022E-003
  0.63861900599999999        1.0011707807678016       0.99845709638937885        1.5162485779660799E-003   1.0004680046474068        2.3896987551733713E-003
  0.65395683100000002        1.0011794344916713       0.99842233211045095        1.4687895059615952E-003   1.0004725761205255        2.4089912314481394E-003
  0.66971498699999998        1.0011544722239414       0.99844517320665838        1.4694157961113769E-003   1.0004610499458293        2.3557644885233912E-003
  0.68590617200000004        1.0011549053677800       0.99841820020081029        1.4299295122799311E-003   1.0004631287155699        2.3594299609174169E-003
  0.70254343699999999        1.0011345571215988       0.99843996583608086        1.4506299296908253E-003   1.0004527899013205        2.3146658001842002E-003
  0.71964025499999995        1.0011284827851372       0.99841551462139622        1.4152537171977465E-003   1.0004526151872979        2.3055521004113726E-003
  0.73721057199999995        1.0010959703764726       0.99844634510867569        1.4303238919242906E-003   1.0004377120855286        2.2363880196507174E-003
  0.75526875299999996        1.0011136592215795       0.99840028587922613        1.3873399920125229E-003   1.0004468700124576        2.2755494095441755E-003
  0.77382963900000001        1.0010931122304658       0.99842059061140342        1.4130602364897393E-003   1.0004362485765963        2.2300840753887515E-003
  0.79290854899999996        1.0011063986653672       0.99837395470698398        1.4037987020452990E-003   1.0004437835934790        2.2604566478451864E-003
  0.81252133800000004        1.0010924783876602       0.99838178214618423        1.4268071718120945E-003   1.0004359019327862        2.2286538394856040E-003
  0.83268433799999997        1.0011210421916876       0.99831919018471682        1.4035949471552075E-003   1.0004501141023467        2.2910508614201026E-003
  0.85341441600000001        1.0010986990484436       0.99833954072413411        1.4433949519052488E-003   1.0004376512197970        2.2402785936141332E-003
  0.87472903700000004        1.0011185171311969       0.99826777313485604        1.4264585277333035E-003   1.0004501852475760        2.2874721846712540E-003
  0.89664620200000000        1.0010963989122887       0.99828663393157724        1.4756504201876436E-003   1.0004358212461402        2.2342536331911131E-003
  0.91918456599999998        1.0011124826956252       0.99820844025786104        1.4737314031917895E-003   1.0004486047232204        2.2763651367892399E-003
  0.94236332199999995        1.0010999142586392       0.99820857161733689        1.5251420294462254E-003   1.0004368413995461        2.2408690178856413E-003
  0.96620231899999998        1.0011169297500164       0.99810962472961762        1.5247818972747114E-003   1.0004507244300127        2.2859440343354709E-003
  0.99072212000000004        1.0011094858178935       0.99806368872555040        1.5624179102239975E-003   1.0004406618778825        2.2604032126530556E-003
   1.0159438800000000        1.0011244136148356       0.99801643765406156        1.5688960869231217E-003   1.0004393391484632        2.2802430936133817E-003
