   0.0000000000000000        10298.996564088680        1341.1263741540049     
   9.9999997500000001E-005   10797.381460762806        1486.8105530679511     
   2.0049999900000000E-004   10681.594536162098        1003.8824088570403     
   3.0152269800000001E-004   9694.3511601357641        851.29229020328228     
   4.0309113700000000E-004   9344.5173226624174        852.67113181321110     
   5.0522870200000005E-004   8632.3479301478565        797.76149077901039     
   6.0795911100000003E-004   7562.1583126173409        737.36734966126221     
   7.1130646399999997E-004   6951.8803575655338        615.79761891408873     
   8.1529526499999998E-004   6124.0802248020800        542.38510300413861     
   9.1995042700000003E-004   5460.1840590432321        478.26066035440829     
   1.0252973300000001E-003   4845.3017850117067        450.31504740361430     
   1.1313617000000000E-003   4303.0856975286997        419.43677284739459     
   1.2381698500000000E-003   3944.1355765852427        404.47264260255145     
   1.3457484299999999E-003   3633.8554060104802        385.74125545714406     
   1.4541246900000001E-003   3405.9687922033299        371.53689663113283     
   1.5633263400000000E-003   3231.9869656818005        357.38141956560037     
   1.6733816600000000E-003   3109.7644452922418        338.42668422191969     
   1.7843195200000000E-003   2984.2555800752043        321.83557119672929     
   1.8961693900000000E-003   2912.5845344311697        312.24499951138318     
   2.0089612799999998E-003   2826.1230427743485        296.00993424341715     
   2.1227260599999999E-003   2761.9764535695222        286.50740165549166     
   2.2374950299999998E-003   2690.1009574569998        274.27627771836450     
   2.3533001100000000E-003   2638.7575048755202        264.95225844839200     
   2.4701741099999999E-003   2579.7538931703430        255.40245398177109     
   2.5881503200000000E-003   2533.4683035122766        246.07687289860863     
   2.7072629900000002E-003   2476.8996540162489        238.37968216901965     
   2.8275472600000000E-003   2435.4179510614163        231.08298292197208     
   2.9490389900000001E-003   2384.3911486175466        224.38809455862324     
   3.0717747299999999E-003   2342.7409245708623        218.87240218490243     
   3.1957919699999999E-003   2291.9349562951006        213.38276457458801     
   3.3211291299999998E-003   2253.9796599094652        209.08696701700231     
   3.4478257900000002E-003   2207.7021369659760        204.20464782670496     
   3.5759222200000000E-003   2170.6601388343101        199.84848408247626     
   3.7054598799999999E-003   2126.2907978121252        194.99193669145191     
   3.8364811300000000E-003   2093.4381675763775        191.71482107344690     
   3.9690295200000003E-003   2053.1009586306136        187.55753156558922     
   4.1031497500000000E-003   2021.7249865218500        184.83828900301313     
   4.2388872200000002E-003   1983.3160870942547        181.09863252188302     
   4.3762889700000003E-003   1955.1886136371472        178.86749903350741     
   4.5154034200000004E-003   1920.1142463325671        175.37220623588678     
   4.6562799299999999E-003   1893.2270895063634        173.15432077735593     
   4.7989692500000000E-003   1859.7059285468642        169.90145952521510     
   4.9435240200000003E-003   1835.1087337973477        167.90571873015352     
   5.0899977800000001E-003   1804.2015429344772        164.80248637412114     
   5.2384454800000002E-003   1780.6054830903488        162.85689285187607     
   5.3889239200000001E-003   1750.8790312006679        159.85765488188471     
   5.5414913200000004E-003   1729.3534445562248        157.95085816494867     
   5.6962077499999996E-003   1702.0211955503448        154.99495546835834     
   5.8531346700000002E-003   1681.0877155206986        153.14940015270722     
   6.0123358899999996E-003   1654.6361531284492        150.33906710031863     
   6.1738765800000003E-003   1634.8942182585940        148.54168647593610     
   6.3378238099999996E-003   1610.0762010258329        145.82927439786869     
   6.5042464999999997E-003   1590.9744284331621        144.13846509140359     
   6.6732158899999996E-003   1566.9938775441333        141.51008174816903     
   6.8448055500000002E-003   1548.8815503003284        139.85570796184223     
   7.0190909300000002E-003   1526.3530626784298        137.33260150875512     
   7.1961497900000001E-003   1508.5472435473287        135.71409633275539     
   7.3760622200000001E-003   1486.5808711820935        133.26009178827547     
   7.5589106400000003E-003   1469.8538664378930        131.72315107367200     
   7.7447802800000003E-003   1449.3267008655223        129.36500201792472     
   7.9337591300000006E-003   1432.7291630181940        127.81651227235473     
   8.1259375399999993E-003   1412.6651491548098        125.54974412912078     
   8.3214081799999999E-003   1397.0393221661830        124.17265297611797     
   8.5202678999999996E-003   1378.1875737338949        122.01735862978705     
   8.7226154300000004E-003   1362.6139032950318        120.60886073279258     
   8.9285531999999997E-003   1344.1627447331750        118.54954404388420     
   9.1381864599999994E-003   1329.4543849862137        117.34390986753624     
   9.3516241800000004E-003   1311.9251248507398        115.34695681786361     
   9.5689790300000008E-003   1297.3431209087430        114.06801651435461     
   9.7903674500000003E-003   1280.2252568793983        112.05490823317041     
   1.0015909599999999E-002   1266.4888012136778        110.95785823222973     
   1.0245729199999999E-002   1250.1862408469833        109.00968137459239     
   1.0479954099999999E-002   1236.5071930097520        107.86087580677570     
   1.0718716300000000E-002   1220.7203982108992        106.08444398849069     
   1.0962152899999999E-002   1207.1614208534988        104.97955778046251     
   1.1210404300000001E-002   1191.9223944991031        103.32302008655699     
   1.1463617000000001E-002   1178.7881065231259        102.26481724069883     
   1.1721941600000001E-002   1164.1701249372859        100.71108883058655     
   1.1985533899999999E-002   1150.9884662931513        99.570734068040181     
   1.2254554799999999E-002   1136.6659025339995        98.087088159184916     
   1.2529172000000000E-002   1124.1130878005674        97.060522479885236     
   1.2809557799999999E-002   1110.4950678275893        95.661352917851843     
   1.3095890200000000E-002   1097.7926874091022        94.528300031772233     
   1.3388354300000000E-002   1084.2707031284635        93.173707619380650     
   1.3687141200000001E-002   1072.3337332455019        92.189211011221289     
   1.3992448300000000E-002   1059.5132792563402        90.888089414820399     
   1.4304480499999999E-002   1047.2583711064003        89.765421381293805     
   1.4623449199999999E-002   1034.3757271599939        88.500322789572365     
   1.4949574100000000E-002   1022.9337358522188        87.547581144461972     
   1.5283082599999999E-002   1010.7139110917905        86.299816564302034     
   1.5624210200000000E-002   998.91187020470204        85.198277887680590     
   1.5973200999999999E-002   986.61076025292391        83.977002703807045     
   1.6330307299999999E-002   975.65155854375257        83.063189323507331     
   1.6695789999999999E-002   963.97001655748795        81.836774468830299     
   1.7069920900000000E-002   952.75508809375719        80.838226895228871     
   1.7452981300000000E-002   940.87147097314630        79.594536632688332     
   1.7845263699999999E-002   930.49179335913584        78.820217431862673     
   1.8247069800000001E-002   919.08228103423266        77.531320315328614     
   1.8658712500000001E-002   908.66025228904618        76.708103692132937     
   1.9080517799999999E-002   897.29158154865843        75.475826093784576     
   1.9512822900000001E-002   886.84612113890933        74.626534032005949     
   1.9955977800000000E-002   875.92052490042977        73.473570963068241     
   2.0410345900000001E-002   865.86153605830077        72.642652634997106     
   2.0876303299999999E-002   855.08045002362564        71.525652048418209     
   2.1354241300000000E-002   844.81731232875791        70.630837949396721     
   2.1844565900000001E-002   834.59816745069782        69.693933486754048     
   2.2347699900000000E-002   824.61486224255589        68.790719748270149     
   2.2864081000000001E-002   814.59145533406627        67.878299919060510     
   2.3394163700000001E-002   804.52123023482250        66.990015653671293     
   2.3938419300000000E-002   794.45030512383505        66.049729928300280     
   2.4497339500000000E-002   784.95686608406515        65.260528760820691     
   2.5071434699999999E-002   775.22848770111659        64.316873938640782     
   2.5661233799999999E-002   765.79333804680914        63.506856451767227     
   2.6267288300000000E-002   756.04524309326860        62.591998800685509     
   2.6890169799999999E-002   746.55801333867566        61.753830169915034     
   2.7530474600000000E-002   737.28703605222779        60.944256940731591     
   2.8188820900000001E-002   728.07887473505139        60.091680754725317     
   2.8865853300000001E-002   718.94091810636826        59.279926559890477     
   2.9562240500000000E-002   709.64782930098534        58.437291849881440     
   3.0278678999999999E-002   700.48842012691694        57.599192145650207     
   3.1015893400000001E-002   691.72247389904589        56.842257442615605     
   3.1774640100000001E-002   682.85383233015170        56.007302426073466     
   3.2555703100000000E-002   674.13965544883683        55.239918248691502     
   3.3359900099999999E-002   665.20556875049692        54.424625895252404     
   3.4188080599999997E-002   656.46233152277671        53.634723021878024     
   3.5041131099999998E-002   648.02173191079646        52.905654224770025     
   3.5919975500000000E-002   639.54968268628568        52.121774331783989     
   3.6825574899999998E-002   631.18069945675313        51.394372293477211     
   3.7758927800000001E-002   622.59800344362486        50.632076605040936     
   3.8721077100000001E-002   614.19301588064650        49.893619895960427     
   3.9713110800000000E-002   606.09644677593087        49.217071576586996     
   4.0736161200000003E-002   597.96058388568088        48.482412616662977     
   4.1791409299999999E-002   589.91707573902659        47.791774210701476     
   4.2880088099999998E-002   581.67330138454633        47.072257359676080     
   4.4003479200000001E-002   573.59723109563686        46.358887717311532     
   4.5162923600000002E-002   565.82819044180940        45.722523586247846     
   4.6359814700000002E-002   558.00226458128122        45.002035745543083     
   4.7595608999999997E-002   550.31181059383755        44.368671615677698     
   4.8871826399999999E-002   542.26304351813474        43.618824515831825     
   5.0190053900000003E-002   534.56204240965553        42.989948244220280     
   5.1551945500000002E-002   527.06632791484799        42.326011245748795     
   5.2959229800000000E-002   519.66886555327699        41.705306263384742     
   5.4413709800000001E-002   512.10643896882596        41.049153579729975     
   5.5917270499999998E-002   504.60195791834855        40.391800657085895     
   5.7471878800000001E-002   497.49700940000736        39.816272809464962     
   5.9079591200000003E-002   490.30095292729067        39.171893985464770     
   6.0742553300000002E-002   483.20051138446257        38.574455182757688     
   6.2463007899999999E-002   475.88060085278710        37.945377743090468     
   6.4243294300000003E-002   468.70491164002351        37.323994124377705     
   6.6085867600000001E-002   461.86510959527737        36.776733478054943     
   6.7993283299999999E-002   454.97860028160318        36.149148362051946     
   6.9968223600000004E-002   448.21545427019350        35.595364331485833     
   7.2013482500000003E-002   441.11900385699198        34.956136887742069     
   7.4131987999999996E-002   434.31789085395121        34.405017983657359     
   7.6326802400000004E-002   427.73821303192011        33.844022843730002     
   7.8601129399999997E-002   421.20960024108592        33.319359112093927     
   8.0958321700000002E-002   414.52983123896831        32.753515865710398     
   8.3401888600000001E-002   407.86701011412117        32.190943017976494     
   8.5935503199999999E-002   401.68513898800092        31.696862556311757     
   8.8563010100000006E-002   395.43460463201859        31.141780246716802     
   9.1288432500000002E-002   389.23118031058056        30.629702470932795     
   9.4115980000000002E-002   382.80191550404265        30.084845177743698     
   9.7050070799999999E-002   376.48670255227904        29.549081131663719     
  0.10009532400000000        370.46515170839132        29.084000495413363     
  0.10325659099999999        364.42994666580933        28.565956268214237     
  0.10653894400000000        358.50000355518642        28.101363495185655     
  0.10994770399999999        352.30828702693634        27.567839648956163     
  0.11348844299999999        346.41302817618572        27.105687170573141     
  0.11716701100000000        340.75880657493013        26.612645508958245     
  0.12098953899999999        335.16992462692110        26.175059425114991     
  0.12496244900000000        329.31857410712047        25.673119936217514     
  0.12909248500000001        323.64255388274802        25.232195261168865     
  0.13338671599999999        318.23829325779781        24.761302339291476     
  0.13785256400000001        312.89374601909918        24.354304536235539     
  0.14249782300000000        307.23026355529993        23.874972419368504     
  0.14733065700000000        301.69650839191598        23.460891461322493     
  0.15235965000000001        296.53335318774344        23.027497078938474     
  0.15759381700000000        291.41053007680881        22.632949469160629     
  0.16304262000000000        286.06364019812452        22.171677205296064     
  0.16871598400000001        280.87138871030368        21.734169159986102     
  0.17462435400000001        276.04856801601051        21.370965313803239     
  0.18077869699999999        271.12224504776441        20.963722867951716     
  0.18719053299999999        265.98052357142228        20.576243804292453     
  0.19387197500000000        260.77946484750697        20.192668704764085     
  0.20083575000000001        256.25654298788356        19.816480991737109     
  0.20809523799999999        251.69170193103432        19.410412440595298     
  0.21566450600000001        247.03590998207630        19.043315375033938     
  0.22355835099999999        242.20523251604831        18.660448073219463     
  0.23179234600000001        237.52242028182908        18.287141114774922     
  0.24038286500000000        233.19433124227780        17.968129169740152     
  0.24934713500000000        228.84868579055214        17.595811259180309     
  0.25870329100000000        224.53614489185648        17.255646338327431     
  0.26847040700000002        220.08941195583546        16.875428313952636     
  0.27866858200000000        215.84866948590664        16.542024738184594     
  0.28931897899999998        211.76728111741721        16.185724967130625     
  0.30044385800000001        207.76171176891967        15.878095439088463     
  0.31206670399999997        203.59786144286505        15.529462748131287     
  0.32421222300000002        199.53513644933133        15.213853732373790     
  0.33690646299999999        195.67886632693921        14.910093666807663     
  0.35017687100000000        191.90761759271396        14.616560344197424     
  0.36405235499999999        188.03142613882756        14.305769894472451     
  0.37856340399999999        184.14555721451069        13.989610301949632     
  0.39374217400000000        180.54282674341724        13.723166845396111     
  0.40962258000000001        176.95088043968616        13.415301339435528     
  0.42624035500000002        173.43346282133788        13.134720271298580     
  0.44363322900000002        169.83364595653470        12.834466848012219     
  0.46184098699999998        166.33834018487121        12.562841197117134     
  0.48090562199999998        162.99367654859606        12.278514300246988     
  0.50087148000000004        159.71360875290347        12.029237407975289     
  0.52178531900000003        156.32711732222697        11.755829775249451     
  0.54369652300000004        152.97009571430178        11.496944467356537     
  0.56665724500000003        149.85843729623363        11.253518498267516     
  0.59072256099999998        146.76614835112184        11.008974413440509     
  0.61595070399999996        143.67890511977572        10.765708733339000     
  0.64240312600000005        140.66606207519877        10.549180142684186     
  0.67014479599999999        137.65182855939267        10.293593788122832     
  0.69924438000000000        134.85975711973327        10.088285858809490     
  0.72977441499999995        132.17832013610783        9.8347251749569011     
  0.76181161399999997        129.65028154552445        9.6479508634404354     
  0.79543715699999995        127.05564441638079        9.3696992103679833     
  0.83073681600000004        124.88554863047300        9.2734752839571506     
  0.86780136799999996        122.60876371826525        8.9099622767240252     
  0.90672683700000001        121.25839935888779        8.9344721153413289     
  0.94761484900000004        120.35575366738209        8.5863966892845074     
  0.99057292900000005        120.84148968043216        8.7156593673379401     
   1.0357148599999999        121.35298422724586        8.8514933453446272     
